37.063835 26.579123 17.905983 11.007937 5.839027 2.340790 0.438117 
33.212798 23.149457 14.946488 8.575458 4.000000 1.172989 0.032522 
30.166705 20.468157 12.675165 6.767649 2.719566 0.496602 0.052748 
27.865947 18.464712 11.007937 5.483391 1.875029 0.161406 0.313257 
26.260659 17.079589 9.873016 4.635178 1.358449 0.032522 0.643141 
25.313170 16.267480 9.215285 4.155094 1.084919 0.002058 0.902736 
25.000000 16.000000 9.000000 4.000000 1.000000 0.000000 1.000000 
100.000000 292.000000 
1.000000 0.838542 0.687500 0.546875 0.416667 0.296875 0.187500 0.942708 0.781250 0.630208 0.489583 0.359375 0.239583 0.130208 0.895833 0.734375 0.583333 0.442708 0.312500 0.192708 0.083333 0.859375 0.697917 0.546875 0.406250 0.276042 0.156250 0.046875 0.833333 0.671875 0.520833 0.380208 0.250000 0.130208 0.020833 0.817708 0.656250 0.505208 0.364583 0.234375 0.114583 0.005208 0.812500 0.651042 0.500000 0.359375 0.229167 0.109375 0.000000 
0.000000 37.063835 
1.000000 0.717117 0.483112 0.296999 0.157540 0.063156 0.011821 0.896097 0.624583 0.403263 0.231370 0.107922 0.031648 0.000877 0.813912 0.552241 0.341982 0.182594 0.073375 0.013399 0.001423 0.751837 0.498187 0.296999 0.147945 0.050589 0.004355 0.008452 0.708525 0.460815 0.266379 0.125059 0.036652 0.000877 0.017352 0.682961 0.438904 0.248633 0.112106 0.029272 0.000056 0.024356 0.674512 0.431688 0.242824 0.107922 0.026980 0.000000 0.026980 67.821551 60.657527 54.534921 49.389360 45.159007 41.786518 39.221117 
54.133685 47.452036 41.786518 37.063835 33.212798 30.166705 27.865947 
42.157175 36.000000 30.835202 26.579123 23.149457 20.468157 18.464712 
31.847027 26.260659 21.645531 17.905983 14.946488 12.675165 11.007937 
23.149457 18.184575 14.173893 11.007937 8.575458 6.767649 5.483391 
16.000000 11.711488 8.366232 5.839027 4.000000 2.719566 1.875029 
10.321251 6.767649 4.155094 2.340790 1.172989 0.496602 0.161406 
130.000000 370.000000 
1.000000 0.929167 0.866667 0.812500 0.766667 0.729167 0.700000 0.862500 0.791667 0.729167 0.675000 0.629167 0.591667 0.562500 0.733333 0.662500 0.600000 0.545833 0.500000 0.462500 0.433333 0.612500 0.541667 0.479167 0.425000 0.379167 0.341667 0.312500 0.500000 0.429167 0.366667 0.312500 0.266667 0.229167 0.200000 0.395833 0.325000 0.262500 0.208333 0.162500 0.125000 0.095833 0.300000 0.229167 0.166667 0.112500 0.066667 0.029167 0.000000 
0.161406 67.821551 
1.000000 0.894118 0.803627 0.727577 0.665053 0.615209 0.577293 0.797697 0.698944 0.615209 0.545409 0.488491 0.443471 0.409466 0.620687 0.529685 0.453351 0.390447 0.339758 0.300129 0.270518 0.468306 0.385740 0.317530 0.262260 0.218520 0.184950 0.160309 0.339758 0.266378 0.207101 0.160309 0.124358 0.097639 0.078658 0.234090 0.170707 0.121265 0.083914 0.056733 0.037809 0.025327 0.150160 0.097639 0.059026 0.032211 0.014951 0.004954 0.000000 5.839027 4.000000 2.719566 1.875029 1.358449 1.084919 1.000000 
2.340790 1.172989 0.496602 0.161406 0.032522 0.002058 0.000000 
0.438117 0.032522 0.052748 0.313257 0.643141 0.902736 1.000000 
0.033616 0.496137 1.325128 2.289674 3.170022 3.781527 4.000000 
1.000000 2.452415 4.226018 6.031918 7.583352 8.630330 9.000000 
3.170022 5.748844 8.630330 11.452992 13.837582 15.436508 16.000000 
6.323810 10.174507 14.355744 18.419513 21.859783 24.179224 25.000000 
36.000000 180.000000 
1.000000 0.923611 0.861111 0.812500 0.777778 0.756944 0.750000 0.840278 0.763889 0.701389 0.652778 0.618056 0.597222 0.590278 0.694444 0.618056 0.555556 0.506944 0.472222 0.451389 0.444444 0.562500 0.486111 0.423611 0.375000 0.340278 0.319444 0.312500 0.444444 0.368056 0.305556 0.256944 0.222222 0.201389 0.194444 0.340278 0.263889 0.201389 0.152778 0.118056 0.097222 0.090278 0.250000 0.173611 0.111111 0.062500 0.027778 0.006944 0.000000 
0.000000 25.000000 
0.233561 0.160000 0.108783 0.075001 0.054338 0.043397 0.040000 0.093632 0.046920 0.019864 0.006456 0.001301 0.000082 0.000000 0.017525 0.001301 0.002110 0.012530 0.025726 0.036109 0.040000 0.001345 0.019845 0.053005 0.091587 0.126801 0.151261 0.160000 0.040000 0.098097 0.169041 0.241277 0.303334 0.345213 0.360000 0.126801 0.229954 0.345213 0.458120 0.553503 0.617460 0.640000 0.252952 0.406980 0.574230 0.736781 0.874391 0.967169 1.000000 2.985715 1.084919 0.161406 0.033616 0.496137 1.325128 2.289674 
1.084919 0.098413 0.136792 1.000000 2.452415 4.226018 6.031918 
0.161406 0.136792 1.211111 3.170022 5.748844 8.630330 11.452992 
0.033616 1.000000 3.170022 6.323810 10.174507 14.355744 18.419513 
0.496137 2.452415 5.748844 10.174507 15.436508 21.131267 26.719058 
1.325128 4.226018 8.630330 14.355744 21.131267 28.549207 36.000000 
2.289674 6.031918 11.452992 18.419513 26.719058 36.000000 45.661905 
18.000000 162.000000 
1.000000 0.881944 0.777778 0.687500 0.611111 0.548611 0.500000 0.881944 0.763889 0.659722 0.569444 0.493056 0.430556 0.381944 0.777778 0.659722 0.555556 0.465278 0.388889 0.326389 0.277778 0.687500 0.569444 0.465278 0.375000 0.298611 0.236111 0.187500 0.611111 0.493056 0.388889 0.298611 0.222222 0.159722 0.111111 0.548611 0.430556 0.326389 0.236111 0.159722 0.097222 0.048611 0.500000 0.381944 0.277778 0.187500 0.111111 0.048611 0.000000 
0.033616 45.661905 
0.064699 0.023041 0.002801 0.000000 0.010137 0.028305 0.049444 0.023041 0.001420 0.002261 0.021179 0.053011 0.091882 0.131460 0.002801 0.002261 0.025806 0.068738 0.125256 0.188408 0.250270 0.000000 0.021179 0.068738 0.137857 0.222250 0.313887 0.402950 0.010137 0.053011 0.125256 0.222250 0.337573 0.462381 0.584844 0.028305 0.091882 0.188408 0.313887 0.462381 0.624954 0.788247 0.049444 0.131460 0.250270 0.402950 0.584844 0.788247 1.000000 111.105497 103.828358 97.626514 92.458381 88.286283 85.077535 82.805473 
92.458381 85.533952 79.653105 74.768581 70.837268 67.821551 65.690590 
75.650257 69.109426 63.579349 59.006083 55.340044 52.537673 50.563054 
60.657527 54.534921 49.389360 45.159007 41.786518 39.221117 37.420659 
47.452036 41.786518 37.063835 33.212798 30.166705 27.865947 26.260659 
36.000000 30.835202 26.579123 23.149457 20.468157 18.464712 17.079589 
26.260659 21.645531 17.905983 14.946488 12.675165 11.007937 9.873016 
200.000000 464.000000 
1.000000 0.943182 0.893939 0.852273 0.818182 0.791667 0.772727 0.852273 0.795455 0.746212 0.704545 0.670455 0.643939 0.625000 0.712121 0.655303 0.606061 0.564394 0.530303 0.503788 0.484848 0.579545 0.522727 0.473485 0.431818 0.397727 0.371212 0.352273 0.454545 0.397727 0.348485 0.306818 0.272727 0.246212 0.227273 0.337121 0.280303 0.231061 0.189394 0.155303 0.128788 0.109848 0.227273 0.170455 0.121212 0.079545 0.045455 0.018939 0.000000 
9.873016 111.105497 
1.000000 0.928115 0.866851 0.815799 0.774586 0.742889 0.720445 0.815799 0.747398 0.689305 0.641055 0.602220 0.572430 0.551380 0.649764 0.585152 0.530525 0.485349 0.449135 0.421452 0.401946 0.501662 0.441182 0.390352 0.348564 0.315250 0.289908 0.272123 0.371215 0.315250 0.268598 0.230556 0.200466 0.177739 0.161881 0.258089 0.207070 0.165027 0.131148 0.104661 0.084871 0.071188 0.161881 0.116292 0.079352 0.050117 0.027680 0.011211 0.000000 1.172989 0.496602 0.161406 0.032522 0.002058 0.000000 0.002058 
0.032522 0.052748 0.313257 0.643141 0.902736 1.000000 0.902736 
0.496137 1.325128 2.289674 3.170022 3.781527 4.000000 3.781527 
2.452415 4.226018 6.031918 7.583352 8.630330 9.000000 8.630330 
5.748844 8.630330 11.452992 13.837582 15.436508 16.000000 15.436508 
10.174507 14.355744 18.419513 21.859783 24.179224 25.000000 24.179224 
15.436508 21.131267 26.719058 31.526374 34.821571 36.000000 34.821571 
25.000000 146.000000 
1.000000 0.925620 0.867769 0.826446 0.801653 0.793388 0.801653 0.826446 0.752066 0.694215 0.652893 0.628099 0.619835 0.628099 0.669421 0.595041 0.537190 0.495868 0.471074 0.462810 0.471074 0.528926 0.454545 0.396694 0.355372 0.330579 0.322314 0.330579 0.404959 0.330579 0.272727 0.231405 0.206612 0.198347 0.206612 0.297521 0.223140 0.165289 0.123967 0.099174 0.090909 0.099174 0.206612 0.132231 0.074380 0.033058 0.008264 0.000000 0.008264 
0.000000 36.000000 
0.032583 0.013794 0.004484 0.000903 0.000057 0.000000 0.000057 0.000903 0.001465 0.008702 0.017865 0.025076 0.027778 0.025076 0.013782 0.036809 0.063602 0.088056 0.105042 0.111111 0.105042 0.068123 0.117389 0.167553 0.210649 0.239731 0.250000 0.239731 0.159690 0.239731 0.318139 0.384377 0.428792 0.444444 0.428792 0.282625 0.398771 0.511653 0.607216 0.671645 0.694444 0.671645 0.428792 0.586980 0.742196 0.875733 0.967266 1.000000 0.967266 0.496602 0.161406 0.032522 0.002058 0.000000 0.002058 0.032522 
0.052748 0.313257 0.643141 0.902736 1.000000 0.902736 0.643141 
1.325128 2.289674 3.170022 3.781527 4.000000 3.781527 3.170022 
4.226018 6.031918 7.583352 8.630330 9.000000 8.630330 7.583352 
8.630330 11.452992 13.837582 15.436508 16.000000 15.436508 13.837582 
14.355744 18.419513 21.859783 24.179224 25.000000 24.179224 21.859783 
21.131267 26.719058 31.526374 34.821571 36.000000 34.821571 31.526374 
25.000000 137.000000 
1.000000 0.937500 0.892857 0.866071 0.857143 0.866071 0.892857 0.812500 0.750000 0.705357 0.678571 0.669643 0.678571 0.705357 0.642857 0.580357 0.535714 0.508929 0.500000 0.508929 0.535714 0.491071 0.428571 0.383929 0.357143 0.348214 0.357143 0.383929 0.357143 0.294643 0.250000 0.223214 0.214286 0.223214 0.250000 0.241071 0.178571 0.133929 0.107143 0.098214 0.107143 0.133929 0.142857 0.080357 0.035714 0.008929 0.000000 0.008929 0.035714 
0.000000 36.000000 
0.013794 0.004484 0.000903 0.000057 0.000000 0.000057 0.000903 0.001465 0.008702 0.017865 0.025076 0.027778 0.025076 0.017865 0.036809 0.063602 0.088056 0.105042 0.111111 0.105042 0.088056 0.117389 0.167553 0.210649 0.239731 0.250000 0.239731 0.210649 0.239731 0.318139 0.384377 0.428792 0.444444 0.428792 0.384377 0.398771 0.511653 0.607216 0.671645 0.694444 0.671645 0.607216 0.586980 0.742196 0.875733 0.967266 1.000000 0.967266 0.875733 49.389360 49.000000 49.389360 50.563054 52.537673 55.340044 59.006083 
36.353500 36.000000 36.353500 37.420659 39.221117 41.786518 45.159007 
25.313170 25.000000 25.313170 26.260659 27.865947 30.166705 33.212798 
16.267480 16.000000 16.267480 17.079589 18.464712 20.468157 23.149457 
9.215285 9.000000 9.215285 9.873016 11.007937 12.675165 14.946488 
4.155094 4.000000 4.155094 4.635178 5.483391 6.767649 8.575458 
1.084919 1.000000 1.084919 1.358449 1.875029 2.719566 4.000000 
144.000000 349.000000 
0.882927 0.878049 0.882927 0.897561 0.921951 0.956098 1.000000 0.712195 0.707317 0.712195 0.726829 0.751220 0.785366 0.829268 0.551220 0.546341 0.551220 0.565854 0.590244 0.624390 0.668293 0.400000 0.395122 0.400000 0.414634 0.439024 0.473171 0.517073 0.258537 0.253659 0.258537 0.273171 0.297561 0.331707 0.375610 0.126829 0.121951 0.126829 0.141463 0.165854 0.200000 0.243902 0.004878 0.000000 0.004878 0.019512 0.043902 0.078049 0.121951 
1.000000 59.006083 
0.834212 0.827499 0.834212 0.854446 0.888487 0.936799 1.000000 0.609479 0.603385 0.609479 0.627877 0.658916 0.703142 0.761282 0.419149 0.413750 0.419149 0.435483 0.463157 0.502821 0.555335 0.263205 0.258594 0.263205 0.277205 0.301084 0.335623 0.381847 0.141628 0.137917 0.141628 0.152967 0.172533 0.201275 0.240431 0.054392 0.051719 0.054392 0.062669 0.077292 0.099432 0.130598 0.001464 0.000000 0.001464 0.006180 0.015085 0.029645 0.051719 49.389360 49.000000 49.389360 50.563054 52.537673 55.340044 59.006083 
36.353500 36.000000 36.353500 37.420659 39.221117 41.786518 45.159007 
25.313170 25.000000 25.313170 26.260659 27.865947 30.166705 33.212798 
16.267480 16.000000 16.267480 17.079589 18.464712 20.468157 23.149457 
9.215285 9.000000 9.215285 9.873016 11.007937 12.675165 14.946488 
4.155094 4.000000 4.155094 4.635178 5.483391 6.767649 8.575458 
1.084919 1.000000 1.084919 1.358449 1.875029 2.719566 4.000000 
144.000000 349.000000 
0.882927 0.878049 0.882927 0.897561 0.921951 0.956098 1.000000 0.712195 0.707317 0.712195 0.726829 0.751220 0.785366 0.829268 0.551220 0.546341 0.551220 0.565854 0.590244 0.624390 0.668293 0.400000 0.395122 0.400000 0.414634 0.439024 0.473171 0.517073 0.258537 0.253659 0.258537 0.273171 0.297561 0.331707 0.375610 0.126829 0.121951 0.126829 0.141463 0.165854 0.200000 0.243902 0.004878 0.000000 0.004878 0.019512 0.043902 0.078049 0.121951 
1.000000 59.006083 
0.834212 0.827499 0.834212 0.854446 0.888487 0.936799 1.000000 0.609479 0.603385 0.609479 0.627877 0.658916 0.703142 0.761282 0.419149 0.413750 0.419149 0.435483 0.463157 0.502821 0.555335 0.263205 0.258594 0.263205 0.277205 0.301084 0.335623 0.381847 0.141628 0.137917 0.141628 0.152967 0.172533 0.201275 0.240431 0.054392 0.051719 0.054392 0.062669 0.077292 0.099432 0.130598 0.001464 0.000000 0.001464 0.006180 0.015085 0.029645 0.051719 5.483391 6.767649 8.575458 11.007937 14.173893 18.184575 23.149457 
1.875029 2.719566 4.000000 5.839027 8.366232 11.711488 16.000000 
0.161406 0.496602 1.172989 2.340790 4.155094 6.767649 10.321251 
0.313257 0.052748 0.032522 0.438117 1.455776 3.262534 6.020271 
2.289674 1.325128 0.496137 0.033616 0.161406 1.084919 2.985715 
6.031918 4.226018 2.452415 1.000000 0.136792 0.098413 1.084919 
11.452992 8.630330 5.748844 3.170022 1.211111 0.136792 0.161406 
58.000000 250.000000 
0.625000 0.661458 0.708333 0.765625 0.833333 0.911458 1.000000 0.494792 0.531250 0.578125 0.635417 0.703125 0.781250 0.869792 0.375000 0.411458 0.458333 0.515625 0.583333 0.661458 0.750000 0.265625 0.302083 0.348958 0.406250 0.473958 0.552083 0.640625 0.166667 0.203125 0.250000 0.307292 0.375000 0.453125 0.541667 0.078125 0.114583 0.161458 0.218750 0.286458 0.364583 0.453125 0.000000 0.036458 0.083333 0.140625 0.208333 0.286458 0.375000 
0.032522 23.149457 
0.235795 0.291350 0.369553 0.474778 0.611732 0.785227 1.000000 0.079704 0.116237 0.171626 0.251180 0.360502 0.505213 0.690726 0.005575 0.020075 0.049335 0.099852 0.178336 0.291350 0.445073 0.012144 0.000875 0.000000 0.017545 0.061568 0.139725 0.259020 0.097641 0.055916 0.020055 0.000047 0.005575 0.045525 0.127750 0.259524 0.181404 0.104681 0.041851 0.004511 0.002850 0.045525 0.494030 0.371927 0.247279 0.135723 0.050984 0.004511 0.005575 9.000000 9.215285 9.873016 11.007937 12.675165 14.946488 17.905983 
4.000000 4.155094 4.635178 5.483391 6.767649 8.575458 11.007937 
1.000000 1.084919 1.358449 1.875029 2.719566 4.000000 5.839027 
0.000000 0.002058 0.032522 0.161406 0.496602 1.172989 2.340790 
1.000000 0.902736 0.643141 0.313257 0.052748 0.032522 0.438117 
4.000000 3.781527 3.170022 2.289674 1.325128 0.496137 0.033616 
9.000000 8.630330 7.583352 6.031918 4.226018 2.452415 1.000000 
64.000000 232.000000 
0.785714 0.791667 0.809524 0.839286 0.880952 0.934524 1.000000 0.625000 0.630952 0.648810 0.678571 0.720238 0.773810 0.839286 0.476190 0.482143 0.500000 0.529762 0.571429 0.625000 0.690476 0.339286 0.345238 0.363095 0.392857 0.434524 0.488095 0.553571 0.214286 0.220238 0.238095 0.267857 0.309524 0.363095 0.428571 0.101190 0.107143 0.125000 0.154762 0.196429 0.250000 0.315476 0.000000 0.005952 0.023810 0.053571 0.095238 0.148810 0.214286 
0.000000 17.905983 
0.502625 0.514648 0.551381 0.614763 0.707873 0.834720 1.000000 0.223389 0.232051 0.258862 0.306232 0.377955 0.478916 0.614763 0.055847 0.060590 0.075866 0.104715 0.151880 0.223389 0.326094 0.000000 0.000115 0.001816 0.009014 0.027734 0.065508 0.130727 0.055847 0.050415 0.035918 0.017495 0.002946 0.001816 0.024468 0.223389 0.211188 0.177037 0.127872 0.074005 0.027708 0.001877 0.502625 0.481980 0.423509 0.336866 0.236011 0.136961 0.055847 36.000000 36.353500 37.420659 39.221117 41.786518 45.159007 49.389360 
25.000000 25.313170 26.260659 27.865947 30.166705 33.212798 37.063835 
16.000000 16.267480 17.079589 18.464712 20.468157 23.149457 26.579123 
9.000000 9.215285 9.873016 11.007937 12.675165 14.946488 17.905983 
4.000000 4.155094 4.635178 5.483391 6.767649 8.575458 11.007937 
1.000000 1.084919 1.358449 1.875029 2.719566 4.000000 5.839027 
0.000000 0.002058 0.032522 0.161406 0.496602 1.172989 2.340790 
121.000000 325.000000 
0.823529 0.828431 0.843137 0.867647 0.901961 0.946078 1.000000 0.661765 0.666667 0.681373 0.705882 0.740196 0.784314 0.838235 0.509804 0.514706 0.529412 0.553922 0.588235 0.632353 0.686275 0.367647 0.372549 0.387255 0.411765 0.446078 0.490196 0.544118 0.235294 0.240196 0.254902 0.279412 0.313725 0.357843 0.411765 0.112745 0.117647 0.132353 0.156863 0.191176 0.235294 0.289216 0.000000 0.004902 0.019608 0.044118 0.078431 0.122549 0.176471 
0.000000 49.389360 
0.728902 0.736059 0.757666 0.794121 0.846063 0.914347 1.000000 0.506182 0.512523 0.531707 0.564210 0.610794 0.672469 0.750442 0.323956 0.329372 0.345815 0.373860 0.414424 0.468713 0.538155 0.182225 0.186584 0.199902 0.222881 0.256638 0.302626 0.362547 0.080989 0.084129 0.093850 0.111024 0.137026 0.173630 0.222881 0.020247 0.021967 0.027505 0.037964 0.055064 0.080989 0.118224 0.000000 0.000042 0.000658 0.003268 0.010055 0.023750 0.047395 2.719566 4.000000 5.839027 8.366232 11.711488 16.000000 21.349014 
0.496602 1.172989 2.340790 4.155094 6.767649 10.321251 14.946488 
0.052748 0.032522 0.438117 1.455776 3.262534 6.020271 9.873016 
1.325128 0.496137 0.033616 0.161406 1.084919 2.985715 6.020271 
4.226018 2.452415 1.000000 0.136792 0.098413 1.084919 3.262534 
8.630330 5.748844 3.170022 1.211111 0.136792 0.161406 1.455776 
14.355744 10.174507 6.323810 3.170022 1.000000 0.033616 0.438117 
52.000000 244.000000 
0.562500 0.609375 0.666667 0.734375 0.812500 0.901042 1.000000 0.442708 0.489583 0.546875 0.614583 0.692708 0.781250 0.880208 0.333333 0.380208 0.437500 0.505208 0.583333 0.671875 0.770833 0.234375 0.281250 0.338542 0.406250 0.484375 0.572917 0.671875 0.145833 0.192708 0.250000 0.317708 0.395833 0.484375 0.583333 0.067708 0.114583 0.171875 0.239583 0.317708 0.406250 0.505208 0.000000 0.046875 0.104167 0.171875 0.250000 0.338542 0.437500 
0.032522 21.349014 
0.126055 0.186122 0.272395 0.390951 0.547884 0.749067 1.000000 0.021771 0.053502 0.108286 0.193398 0.315958 0.482665 0.699644 0.000949 0.000000 0.019027 0.066768 0.151526 0.280897 0.461638 0.060639 0.021749 0.000051 0.006046 0.049370 0.138540 0.280897 0.196725 0.113522 0.045386 0.004892 0.003091 0.049370 0.151526 0.403341 0.268164 0.147186 0.055290 0.004892 0.006046 0.066768 0.671931 0.475781 0.295137 0.147186 0.045386 0.000051 0.019027 14.946488 17.905983 21.645531 26.260659 31.847027 38.497688 46.301136 
8.575458 11.007937 14.173893 18.184575 23.149457 29.173172 36.353500 
4.000000 5.839027 8.366232 11.711488 16.000000 21.349014 27.865947 
1.172989 2.340790 4.155094 6.767649 10.321251 14.946488 20.760318 
0.032522 0.438117 1.455776 3.262534 6.020271 9.873016 14.946488 
0.496137 0.033616 0.161406 1.084919 2.985715 6.020271 10.321251 
2.452415 1.000000 0.136792 0.098413 1.084919 3.262534 6.767649 
89.000000 317.000000 
0.578947 0.627193 0.684211 0.750000 0.824561 0.907895 1.000000 0.460526 0.508772 0.565789 0.631579 0.706140 0.789474 0.881579 0.350877 0.399123 0.456140 0.521930 0.596491 0.679825 0.771930 0.250000 0.298246 0.355263 0.421053 0.495614 0.578947 0.671053 0.157895 0.206140 0.263158 0.328947 0.403509 0.486842 0.578947 0.074561 0.122807 0.179825 0.245614 0.320175 0.403509 0.495614 0.000000 0.048246 0.105263 0.171053 0.245614 0.328947 0.421053 
0.032522 46.301136 
0.322334 0.386298 0.467120 0.566867 0.687604 0.831345 1.000000 0.184638 0.237211 0.305636 0.392319 0.499625 0.629815 0.785003 0.085749 0.125496 0.180116 0.252417 0.345104 0.460712 0.601562 0.024649 0.049888 0.089101 0.145566 0.222370 0.322334 0.447988 0.000000 0.008766 0.030761 0.069810 0.129413 0.212682 0.322334 0.010020 0.000024 0.002786 0.022745 0.063827 0.129413 0.222370 0.052301 0.020910 0.002254 0.001424 0.022745 0.069810 0.145566 16.000000 23.149457 31.847027 42.157175 54.133685 67.821551 83.258540 
11.711488 18.184575 26.260659 36.000000 47.452036 60.657527 75.650257 
8.366232 14.173893 21.645531 30.835202 41.786518 54.534921 69.109426 
5.839027 11.007937 17.905983 26.579123 37.063835 49.389360 63.579349 
4.000000 8.575458 14.946488 23.149457 33.212798 45.159007 59.006083 
2.719566 6.767649 12.675165 20.468157 30.166705 41.786518 55.340044 
1.875029 5.483391 11.007937 18.464712 27.865947 39.221117 52.537673 
153.000000 405.000000 
0.285714 0.384921 0.492063 0.607143 0.730159 0.861111 1.000000 0.218254 0.317460 0.424603 0.539683 0.662698 0.793651 0.932540 0.158730 0.257937 0.365079 0.480159 0.603175 0.734127 0.873016 0.107143 0.206349 0.313492 0.428571 0.551587 0.682540 0.821429 0.063492 0.162698 0.269841 0.384921 0.507937 0.638889 0.777778 0.027778 0.126984 0.234127 0.349206 0.472222 0.603175 0.742063 0.000000 0.099206 0.206349 0.321429 0.444444 0.575397 0.714286 
1.875029 83.258540 
0.173561 0.261410 0.368281 0.494967 0.642128 0.810318 1.000000 0.120866 0.200404 0.299638 0.419311 0.560028 0.722290 0.906513 0.079761 0.151122 0.242930 0.355848 0.490412 0.647058 0.826143 0.048708 0.112221 0.196980 0.303552 0.432383 0.583832 0.758192 0.026111 0.082332 0.160616 0.261410 0.385063 0.531852 0.701998 0.010377 0.060118 0.132707 0.228463 0.347634 0.490412 0.656951 0.000000 0.044338 0.112221 0.203846 0.319363 0.458890 0.622517 1.325128 0.496137 0.033616 0.161406 1.084919 2.985715 6.020271 
4.226018 2.452415 1.000000 0.136792 0.098413 1.084919 3.262534 
8.630330 5.748844 3.170022 1.211111 0.136792 0.161406 1.455776 
14.355744 10.174507 6.323810 3.170022 1.000000 0.033616 0.438117 
21.131267 15.436508 10.174507 5.748844 2.452415 0.496137 0.032522 
28.549207 21.131267 14.355744 8.630330 4.226018 1.325128 0.052748 
36.000000 26.719058 18.419513 11.452992 6.031918 2.289674 0.313257 
25.000000 181.000000 
0.461538 0.519231 0.589744 0.673077 0.769231 0.878205 1.000000 0.352564 0.410256 0.480769 0.564103 0.660256 0.769231 0.891026 0.256410 0.314103 0.384615 0.467949 0.564103 0.673077 0.794872 0.173077 0.230769 0.301282 0.384615 0.480769 0.589744 0.711538 0.102564 0.160256 0.230769 0.314103 0.410256 0.519231 0.641026 0.044872 0.102564 0.173077 0.256410 0.352564 0.461538 0.583333 0.000000 0.057692 0.128205 0.211538 0.307692 0.416667 0.538462 
0.032522 36.000000 
0.035938 0.012890 0.000030 0.003583 0.029260 0.082107 0.166477 0.116591 0.067280 0.026899 0.002899 0.001832 0.029260 0.089804 0.239044 0.158930 0.087232 0.032768 0.002899 0.003583 0.039571 0.398227 0.281977 0.174916 0.087232 0.026899 0.000030 0.011277 0.586606 0.428275 0.281977 0.158930 0.067280 0.012890 0.000000 0.792846 0.586606 0.398227 0.239044 0.116591 0.035938 0.000562 1.000000 0.741963 0.511212 0.317522 0.166801 0.062755 0.007805 4.000000 5.839027 8.366232 11.711488 16.000000 21.349014 27.865947 
1.172989 2.340790 4.155094 6.767649 10.321251 14.946488 20.760318 
0.032522 0.438117 1.455776 3.262534 6.020271 9.873016 14.946488 
0.496137 0.033616 0.161406 1.084919 2.985715 6.020271 10.321251 
2.452415 1.000000 0.136792 0.098413 1.084919 3.262534 6.767649 
5.748844 3.170022 1.211111 0.136792 0.161406 1.455776 4.155094 
10.174507 6.323810 3.170022 1.000000 0.033616 0.438117 2.340790 
61.000000 265.000000 
0.529412 0.583333 0.647059 0.720588 0.803922 0.897059 1.000000 0.416667 0.470588 0.534314 0.607843 0.691176 0.784314 0.887255 0.313725 0.367647 0.431373 0.504902 0.588235 0.681373 0.784314 0.220588 0.274510 0.338235 0.411765 0.495098 0.588235 0.691176 0.137255 0.191176 0.254902 0.328431 0.411765 0.504902 0.607843 0.063725 0.117647 0.181373 0.254902 0.338235 0.431373 0.534314 0.000000 0.053922 0.117647 0.191176 0.274510 0.367647 0.470588 
0.032522 27.865947 
0.142544 0.208616 0.299414 0.419602 0.573680 0.765859 1.000000 0.040975 0.082931 0.148116 0.241980 0.369654 0.535829 0.744709 0.000000 0.014572 0.051135 0.116048 0.215128 0.353550 0.535829 0.016657 0.000039 0.004631 0.037811 0.106102 0.215128 0.369654 0.086942 0.034760 0.003746 0.002367 0.037811 0.116048 0.241980 0.205376 0.112724 0.042344 0.003746 0.004631 0.051135 0.148116 0.364381 0.226034 0.112724 0.034760 0.000039 0.014572 0.082931 18.464712 17.079589 16.267480 16.000000 16.267480 17.079589 18.464712 
11.007937 9.873016 9.215285 9.000000 9.215285 9.873016 11.007937 
5.483391 4.635178 4.155094 4.000000 4.155094 4.635178 5.483391 
1.875029 1.358449 1.084919 1.000000 1.084919 1.358449 1.875029 
0.161406 0.032522 0.002058 0.000000 0.002058 0.032522 0.161406 
0.313257 0.643141 0.902736 1.000000 0.902736 0.643141 0.313257 
2.289674 3.170022 3.781527 4.000000 3.781527 3.170022 2.289674 
81.000000 234.000000 
1.000000 0.967320 0.947712 0.941176 0.947712 0.967320 1.000000 0.810458 0.777778 0.758170 0.751634 0.758170 0.777778 0.810458 0.633987 0.601307 0.581699 0.575163 0.581699 0.601307 0.633987 0.470588 0.437908 0.418301 0.411765 0.418301 0.437908 0.470588 0.320261 0.287582 0.267974 0.261438 0.267974 0.287582 0.320261 0.183007 0.150327 0.130719 0.124183 0.130719 0.150327 0.183007 0.058824 0.026144 0.006536 0.000000 0.006536 0.026144 0.058824 
0.000000 18.464712 
1.000000 0.924985 0.881004 0.866518 0.881004 0.924985 1.000000 0.596161 0.534696 0.499075 0.487416 0.499075 0.534696 0.596161 0.296966 0.251029 0.225029 0.216629 0.225029 0.251029 0.296966 0.101547 0.073570 0.058756 0.054157 0.058756 0.073570 0.101547 0.008741 0.001761 0.000111 0.000000 0.000111 0.001761 0.008741 0.016965 0.034831 0.048890 0.054157 0.048890 0.034831 0.016965 0.124003 0.171680 0.204798 0.216629 0.204798 0.171680 0.124003 2.719566 4.000000 5.839027 8.366232 11.711488 16.000000 21.349014 
0.496602 1.172989 2.340790 4.155094 6.767649 10.321251 14.946488 
0.052748 0.032522 0.438117 1.455776 3.262534 6.020271 9.873016 
1.325128 0.496137 0.033616 0.161406 1.084919 2.985715 6.020271 
4.226018 2.452415 1.000000 0.136792 0.098413 1.084919 3.262534 
8.630330 5.748844 3.170022 1.211111 0.136792 0.161406 1.455776 
14.355744 10.174507 6.323810 3.170022 1.000000 0.033616 0.438117 
52.000000 244.000000 
0.562500 0.609375 0.666667 0.734375 0.812500 0.901042 1.000000 0.442708 0.489583 0.546875 0.614583 0.692708 0.781250 0.880208 0.333333 0.380208 0.437500 0.505208 0.583333 0.671875 0.770833 0.234375 0.281250 0.338542 0.406250 0.484375 0.572917 0.671875 0.145833 0.192708 0.250000 0.317708 0.395833 0.484375 0.583333 0.067708 0.114583 0.171875 0.239583 0.317708 0.406250 0.505208 0.000000 0.046875 0.104167 0.171875 0.250000 0.338542 0.437500 
0.032522 21.349014 
0.126055 0.186122 0.272395 0.390951 0.547884 0.749067 1.000000 0.021771 0.053502 0.108286 0.193398 0.315958 0.482665 0.699644 0.000949 0.000000 0.019027 0.066768 0.151526 0.280897 0.461638 0.060639 0.021749 0.000051 0.006046 0.049370 0.138540 0.280897 0.196725 0.113522 0.045386 0.004892 0.003091 0.049370 0.151526 0.403341 0.268164 0.147186 0.055290 0.004892 0.006046 0.066768 0.671931 0.475781 0.295137 0.147186 0.045386 0.000051 0.019027 5.748844 2.452415 0.496137 0.032522 1.172989 4.000000 8.575458 
8.630330 4.226018 1.325128 0.052748 0.496602 2.719566 6.767649 
11.452992 6.031918 2.289674 0.313257 0.161406 1.875029 5.483391 
13.837582 7.583352 3.170022 0.643141 0.032522 1.358449 4.635178 
15.436508 8.630330 3.781527 0.902736 0.002058 1.084919 4.155094 
16.000000 9.000000 4.000000 1.000000 0.000000 1.000000 4.000000 
15.436508 8.630330 3.781527 0.902736 0.002058 1.084919 4.155094 
49.000000 194.000000 
0.172414 0.275862 0.393103 0.524138 0.668966 0.827586 1.000000 0.110345 0.213793 0.331034 0.462069 0.606897 0.765517 0.937931 0.062069 0.165517 0.282759 0.413793 0.558621 0.717241 0.889655 0.027586 0.131034 0.248276 0.379310 0.524138 0.682759 0.855172 0.006897 0.110345 0.227586 0.358621 0.503448 0.662069 0.834483 0.000000 0.103448 0.220690 0.351724 0.496552 0.655172 0.827586 0.006897 0.110345 0.227586 0.358621 0.503448 0.662069 0.834483 
0.000000 16.000000 
0.359303 0.153276 0.031009 0.002033 0.073312 0.250000 0.535966 0.539396 0.264126 0.082821 0.003297 0.031038 0.169973 0.422978 0.715812 0.376995 0.143105 0.019579 0.010088 0.117189 0.342712 0.864849 0.473960 0.198126 0.040196 0.002033 0.084903 0.289699 0.964782 0.539396 0.236345 0.056421 0.000129 0.067807 0.259693 1.000000 0.562500 0.250000 0.062500 0.000000 0.062500 0.250000 0.964782 0.539396 0.236345 0.056421 0.000129 0.067807 0.259693 6.031918 2.289674 0.313257 0.161406 1.875029 5.483391 11.007937 
7.583352 3.170022 0.643141 0.032522 1.358449 4.635178 9.873016 
8.630330 3.781527 0.902736 0.002058 1.084919 4.155094 9.215285 
9.000000 4.000000 1.000000 0.000000 1.000000 4.000000 9.000000 
8.630330 3.781527 0.902736 0.002058 1.084919 4.155094 9.215285 
7.583352 3.170022 0.643141 0.032522 1.358449 4.635178 9.873016 
6.031918 2.289674 0.313257 0.161406 1.875029 5.483391 11.007937 
64.000000 205.000000 
0.063830 0.184397 0.319149 0.468085 0.631206 0.808511 1.000000 0.028369 0.148936 0.283688 0.432624 0.595745 0.773050 0.964539 0.007092 0.127660 0.262411 0.411348 0.574468 0.751773 0.943262 0.000000 0.120567 0.255319 0.404255 0.567376 0.744681 0.936170 0.007092 0.127660 0.262411 0.411348 0.574468 0.751773 0.943262 0.028369 0.148936 0.283688 0.432624 0.595745 0.773050 0.964539 0.063830 0.184397 0.319149 0.468085 0.631206 0.808511 1.000000 
0.000000 11.007937 
0.547961 0.208002 0.028457 0.014663 0.170334 0.498131 1.000000 0.688899 0.287976 0.058425 0.002954 0.123406 0.421076 0.896900 0.784010 0.343527 0.082008 0.000187 0.098558 0.377463 0.837149 0.817592 0.363374 0.090844 0.000000 0.090844 0.363374 0.817592 0.784010 0.343527 0.082008 0.000187 0.098558 0.377463 0.837149 0.688899 0.287976 0.058425 0.002954 0.123406 0.421076 0.896900 0.547961 0.208002 0.028457 0.014663 0.170334 0.498131 1.000000 5.748844 2.452415 0.496137 0.032522 1.172989 4.000000 8.575458 
3.170022 1.000000 0.033616 0.438117 2.340790 5.839027 11.007937 
1.211111 0.136792 0.161406 1.455776 4.155094 8.366232 14.173893 
0.136792 0.098413 1.084919 3.262534 6.767649 11.711488 18.184575 
0.161406 1.084919 2.985715 6.020271 10.321251 16.000000 23.149457 
1.455776 3.262534 6.020271 9.873016 14.946488 21.349014 29.173172 
4.155094 6.767649 10.321251 14.946488 20.760318 27.865947 36.353500 
74.000000 290.000000 
0.000000 0.069444 0.148148 0.236111 0.333333 0.439815 0.555556 0.050926 0.120370 0.199074 0.287037 0.384259 0.490741 0.606481 0.111111 0.180556 0.259259 0.347222 0.444444 0.550926 0.666667 0.180556 0.250000 0.328704 0.416667 0.513889 0.620370 0.736111 0.259259 0.328704 0.407407 0.495370 0.592593 0.699074 0.814815 0.347222 0.416667 0.495370 0.583333 0.680556 0.787037 0.902778 0.444444 0.513889 0.592593 0.680556 0.777778 0.884259 1.000000 
0.032522 36.353500 
0.157383 0.066625 0.012764 0.000000 0.031400 0.109234 0.235207 0.086383 0.026637 0.000030 0.011167 0.063552 0.159866 0.302178 0.032449 0.002871 0.003548 0.039185 0.113504 0.229446 0.389344 0.002871 0.001814 0.028975 0.088930 0.185434 0.321549 0.499768 0.003548 0.028975 0.081308 0.164856 0.283272 0.439621 0.636462 0.039185 0.088930 0.164856 0.270931 0.410616 0.586892 0.802309 0.113504 0.185434 0.283272 0.410616 0.570684 0.766318 1.000000 4.226018 2.452415 1.000000 0.136792 0.098413 1.084919 3.262534 
1.325128 0.496137 0.033616 0.161406 1.084919 2.985715 6.020271 
0.052748 0.032522 0.438117 1.455776 3.262534 6.020271 9.873016 
0.496602 1.172989 2.340790 4.155094 6.767649 10.321251 14.946488 
2.719566 4.000000 5.839027 8.366232 11.711488 16.000000 21.349014 
6.767649 8.575458 11.007937 14.173893 18.184575 23.149457 29.173172 
12.675165 14.946488 17.905983 21.645531 26.260659 31.847027 38.497688 
80.000000 296.000000 
0.000000 0.041667 0.092593 0.152778 0.222222 0.300926 0.388889 0.078704 0.120370 0.171296 0.231481 0.300926 0.379630 0.467593 0.166667 0.208333 0.259259 0.319444 0.388889 0.467593 0.555556 0.263889 0.305556 0.356481 0.416667 0.486111 0.564815 0.652778 0.370370 0.412037 0.462963 0.523148 0.592593 0.671296 0.759259 0.486111 0.527778 0.578704 0.638889 0.708333 0.787037 0.875000 0.611111 0.652778 0.703704 0.763889 0.833333 0.912037 1.000000 
0.032522 38.497688 
0.109021 0.062911 0.025152 0.002711 0.001713 0.027360 0.083972 0.033605 0.012053 0.000028 0.003351 0.027360 0.076776 0.155667 0.000526 0.000000 0.010544 0.037001 0.083972 0.155667 0.255829 0.012065 0.029649 0.060009 0.107177 0.175097 0.267482 0.387727 0.069857 0.103145 0.150955 0.216656 0.303624 0.415115 0.554177 0.175097 0.222095 0.285334 0.367641 0.471909 0.600984 0.757585 0.328678 0.387727 0.464666 0.561885 0.681867 0.827099 1.000000 3.781527 3.170022 2.289674 1.325128 0.496137 0.033616 0.161406 
0.902736 0.643141 0.313257 0.052748 0.032522 0.438117 1.455776 
0.002058 0.032522 0.161406 0.496602 1.172989 2.340790 4.155094 
1.084919 1.358449 1.875029 2.719566 4.000000 5.839027 8.366232 
4.155094 4.635178 5.483391 6.767649 8.575458 11.007937 14.173893 
9.215285 9.873016 11.007937 12.675165 14.946488 17.905983 21.645531 
16.267480 17.079589 18.464712 20.468157 23.149457 26.579123 30.835202 
82.000000 274.000000 
0.000000 0.015625 0.041667 0.078125 0.125000 0.182292 0.250000 0.098958 0.114583 0.140625 0.177083 0.223958 0.281250 0.348958 0.208333 0.223958 0.250000 0.286458 0.333333 0.390625 0.458333 0.328125 0.343750 0.369792 0.406250 0.453125 0.510417 0.578125 0.458333 0.473958 0.500000 0.536458 0.583333 0.640625 0.708333 0.598958 0.614583 0.640625 0.677083 0.723958 0.781250 0.848958 0.750000 0.765625 0.791667 0.828125 0.875000 0.932292 1.000000 
0.002058 30.835202 
0.122578 0.102745 0.074193 0.042911 0.016024 0.001024 0.005168 0.029211 0.020792 0.010093 0.001644 0.000988 0.014143 0.047148 0.000000 0.000988 0.005168 0.016039 0.037976 0.075851 0.134694 0.035120 0.043991 0.060745 0.088136 0.129664 0.189308 0.271272 0.134694 0.150264 0.177774 0.219426 0.278058 0.356950 0.459630 0.298809 0.320141 0.356950 0.411022 0.484687 0.580671 0.701955 0.527530 0.553869 0.598792 0.663769 0.750731 0.861964 1.000000 36.000000 34.821571 31.526374 26.719058 21.131267 15.436508 10.174507 
25.000000 24.179224 21.859783 18.419513 14.355744 10.174507 6.323810 
16.000000 15.436508 13.837582 11.452992 8.630330 5.748844 3.170022 
9.000000 8.630330 7.583352 6.031918 4.226018 2.452415 1.000000 
4.000000 3.781527 3.170022 2.289674 1.325128 0.496137 0.033616 
1.000000 0.902736 0.643141 0.313257 0.052748 0.032522 0.438117 
0.000000 0.002058 0.032522 0.161406 0.496602 1.172989 2.340790 
25.000000 157.000000 
0.000000 0.007576 0.030303 0.068182 0.121212 0.189394 0.272727 0.083333 0.090909 0.113636 0.151515 0.204545 0.272727 0.356061 0.181818 0.189394 0.212121 0.250000 0.303030 0.371212 0.454545 0.295455 0.303030 0.325758 0.363636 0.416667 0.484848 0.568182 0.424242 0.431818 0.454545 0.492424 0.545455 0.613636 0.696970 0.568182 0.575758 0.598485 0.636364 0.689394 0.757576 0.840909 0.727273 0.734848 0.757576 0.795455 0.848485 0.916667 1.000000 
0.000000 36.000000 
1.000000 0.967266 0.875733 0.742196 0.586980 0.428792 0.282625 0.694444 0.671645 0.607216 0.511653 0.398771 0.282625 0.175661 0.444444 0.428792 0.384377 0.318139 0.239731 0.159690 0.088056 0.250000 0.239731 0.210649 0.167553 0.117389 0.068123 0.027778 0.111111 0.105042 0.088056 0.063602 0.036809 0.013782 0.000934 0.027778 0.025076 0.017865 0.008702 0.001465 0.000903 0.012170 0.000000 0.000057 0.000903 0.004484 0.013794 0.032583 0.065022 13.837582 15.436508 16.000000 15.436508 13.837582 11.452992 8.630330 
7.583352 8.630330 9.000000 8.630330 7.583352 6.031918 4.226018 
3.170022 3.781527 4.000000 3.781527 3.170022 2.289674 1.325128 
0.643141 0.902736 1.000000 0.902736 0.643141 0.313257 0.052748 
0.032522 0.002058 0.000000 0.002058 0.032522 0.161406 0.496602 
1.358449 1.084919 1.000000 1.084919 1.358449 1.875029 2.719566 
4.635178 4.155094 4.000000 4.155094 4.635178 5.483391 6.767649 
49.000000 185.000000 
0.029412 0.007353 0.000000 0.007353 0.029412 0.066176 0.117647 0.139706 0.117647 0.110294 0.117647 0.139706 0.176471 0.227941 0.264706 0.242647 0.235294 0.242647 0.264706 0.301471 0.352941 0.404412 0.382353 0.375000 0.382353 0.404412 0.441176 0.492647 0.558824 0.536765 0.529412 0.536765 0.558824 0.595588 0.647059 0.727941 0.705882 0.698529 0.705882 0.727941 0.764706 0.816176 0.911765 0.889706 0.882353 0.889706 0.911765 0.948529 1.000000 
0.000000 16.000000 
0.864849 0.964782 1.000000 0.964782 0.864849 0.715812 0.539396 0.473960 0.539396 0.562500 0.539396 0.473960 0.376995 0.264126 0.198126 0.236345 0.250000 0.236345 0.198126 0.143105 0.082821 0.040196 0.056421 0.062500 0.056421 0.040196 0.019579 0.003297 0.002033 0.000129 0.000000 0.000129 0.002033 0.010088 0.031038 0.084903 0.067807 0.062500 0.067807 0.084903 0.117189 0.169973 0.289699 0.259693 0.250000 0.259693 0.289699 0.342712 0.422978 26.719058 31.526374 34.821571 36.000000 34.821571 31.526374 26.719058 
18.419513 21.859783 24.179224 25.000000 24.179224 21.859783 18.419513 
11.452992 13.837582 15.436508 16.000000 15.436508 13.837582 11.452992 
6.031918 7.583352 8.630330 9.000000 8.630330 7.583352 6.031918 
2.289674 3.170022 3.781527 4.000000 3.781527 3.170022 2.289674 
0.313257 0.643141 0.902736 1.000000 0.902736 0.643141 0.313257 
0.161406 0.032522 0.002058 0.000000 0.002058 0.032522 0.161406 
25.000000 130.000000 
0.085714 0.038095 0.009524 0.000000 0.009524 0.038095 0.085714 0.190476 0.142857 0.114286 0.104762 0.114286 0.142857 0.190476 0.314286 0.266667 0.238095 0.228571 0.238095 0.266667 0.314286 0.457143 0.409524 0.380952 0.371429 0.380952 0.409524 0.457143 0.619048 0.571429 0.542857 0.533333 0.542857 0.571429 0.619048 0.800000 0.752381 0.723810 0.714286 0.723810 0.752381 0.800000 1.000000 0.952381 0.923810 0.914286 0.923810 0.952381 1.000000 
0.000000 36.000000 
0.742196 0.875733 0.967266 1.000000 0.967266 0.875733 0.742196 0.511653 0.607216 0.671645 0.694444 0.671645 0.607216 0.511653 0.318139 0.384377 0.428792 0.444444 0.428792 0.384377 0.318139 0.167553 0.210649 0.239731 0.250000 0.239731 0.210649 0.167553 0.063602 0.088056 0.105042 0.111111 0.105042 0.088056 0.063602 0.008702 0.017865 0.025076 0.027778 0.025076 0.017865 0.008702 0.004484 0.000903 0.000057 0.000000 0.000057 0.000903 0.004484 8.630330 11.452992 13.837582 15.436508 16.000000 15.436508 13.837582 
4.226018 6.031918 7.583352 8.630330 9.000000 8.630330 7.583352 
1.325128 2.289674 3.170022 3.781527 4.000000 3.781527 3.170022 
0.052748 0.313257 0.643141 0.902736 1.000000 0.902736 0.643141 
0.496602 0.161406 0.032522 0.002058 0.000000 0.002058 0.032522 
2.719566 1.875029 1.358449 1.084919 1.000000 1.084919 1.358449 
6.767649 5.483391 4.635178 4.155094 4.000000 4.155094 4.635178 
49.000000 185.000000 
0.117647 0.066176 0.029412 0.007353 0.000000 0.007353 0.029412 0.227941 0.176471 0.139706 0.117647 0.110294 0.117647 0.139706 0.352941 0.301471 0.264706 0.242647 0.235294 0.242647 0.264706 0.492647 0.441176 0.404412 0.382353 0.375000 0.382353 0.404412 0.647059 0.595588 0.558824 0.536765 0.529412 0.536765 0.558824 0.816176 0.764706 0.727941 0.705882 0.698529 0.705882 0.727941 1.000000 0.948529 0.911765 0.889706 0.882353 0.889706 0.911765 
0.000000 16.000000 
0.539396 0.715812 0.864849 0.964782 1.000000 0.964782 0.864849 0.264126 0.376995 0.473960 0.539396 0.562500 0.539396 0.473960 0.082821 0.143105 0.198126 0.236345 0.250000 0.236345 0.198126 0.003297 0.019579 0.040196 0.056421 0.062500 0.056421 0.040196 0.031038 0.010088 0.002033 0.000129 0.000000 0.000129 0.002033 0.169973 0.117189 0.084903 0.067807 0.062500 0.067807 0.084903 0.422978 0.342712 0.289699 0.259693 0.250000 0.259693 0.289699 2.289674 3.170022 3.781527 4.000000 3.781527 3.170022 2.289674 
0.313257 0.643141 0.902736 1.000000 0.902736 0.643141 0.313257 
0.161406 0.032522 0.002058 0.000000 0.002058 0.032522 0.161406 
1.875029 1.358449 1.084919 1.000000 1.084919 1.358449 1.875029 
5.483391 4.635178 4.155094 4.000000 4.155094 4.635178 5.483391 
11.007937 9.873016 9.215285 9.000000 9.215285 9.873016 11.007937 
18.464712 17.079589 16.267480 16.000000 16.267480 17.079589 18.464712 
81.000000 234.000000 
0.058824 0.026144 0.006536 0.000000 0.006536 0.026144 0.058824 0.183007 0.150327 0.130719 0.124183 0.130719 0.150327 0.183007 0.320261 0.287582 0.267974 0.261438 0.267974 0.287582 0.320261 0.470588 0.437908 0.418301 0.411765 0.418301 0.437908 0.470588 0.633987 0.601307 0.581699 0.575163 0.581699 0.601307 0.633987 0.810458 0.777778 0.758170 0.751634 0.758170 0.777778 0.810458 1.000000 0.967320 0.947712 0.941176 0.947712 0.967320 1.000000 
0.000000 18.464712 
0.124003 0.171680 0.204798 0.216629 0.204798 0.171680 0.124003 0.016965 0.034831 0.048890 0.054157 0.048890 0.034831 0.016965 0.008741 0.001761 0.000111 0.000000 0.000111 0.001761 0.008741 0.101547 0.073570 0.058756 0.054157 0.058756 0.073570 0.101547 0.296966 0.251029 0.225029 0.216629 0.225029 0.251029 0.296966 0.596161 0.534696 0.499075 0.487416 0.499075 0.534696 0.596161 1.000000 0.924985 0.881004 0.866518 0.881004 0.924985 1.000000 14.355744 18.419513 21.859783 24.179224 25.000000 24.179224 21.859783 
8.630330 11.452992 13.837582 15.436508 16.000000 15.436508 13.837582 
4.226018 6.031918 7.583352 8.630330 9.000000 8.630330 7.583352 
1.325128 2.289674 3.170022 3.781527 4.000000 3.781527 3.170022 
0.052748 0.313257 0.643141 0.902736 1.000000 0.902736 0.643141 
0.496602 0.161406 0.032522 0.002058 0.000000 0.002058 0.032522 
2.719566 1.875029 1.358449 1.084919 1.000000 1.084919 1.358449 
36.000000 160.000000 
0.129032 0.072581 0.032258 0.008065 0.000000 0.008065 0.032258 0.233871 0.177419 0.137097 0.112903 0.104839 0.112903 0.137097 0.354839 0.298387 0.258065 0.233871 0.225806 0.233871 0.258065 0.491935 0.435484 0.395161 0.370968 0.362903 0.370968 0.395161 0.645161 0.588710 0.548387 0.524194 0.516129 0.524194 0.548387 0.814516 0.758065 0.717742 0.693548 0.685484 0.693548 0.717742 1.000000 0.943548 0.903226 0.879032 0.870968 0.879032 0.903226 
0.000000 25.000000 
0.574230 0.736781 0.874391 0.967169 1.000000 0.967169 0.874391 0.345213 0.458120 0.553503 0.617460 0.640000 0.617460 0.553503 0.169041 0.241277 0.303334 0.345213 0.360000 0.345213 0.303334 0.053005 0.091587 0.126801 0.151261 0.160000 0.151261 0.126801 0.002110 0.012530 0.025726 0.036109 0.040000 0.036109 0.025726 0.019864 0.006456 0.001301 0.000082 0.000000 0.000082 0.001301 0.108783 0.075001 0.054338 0.043397 0.040000 0.043397 0.054338 4.000000 2.719566 1.875029 1.358449 1.084919 1.000000 1.084919 
8.575458 6.767649 5.483391 4.635178 4.155094 4.000000 4.155094 
14.946488 12.675165 11.007937 9.873016 9.215285 9.000000 9.215285 
23.149457 20.468157 18.464712 17.079589 16.267480 16.000000 16.267480 
33.212798 30.166705 27.865947 26.260659 25.313170 25.000000 25.313170 
45.159007 41.786518 39.221117 37.420659 36.353500 36.000000 36.353500 
59.006083 55.340044 52.537673 50.563054 49.389360 49.000000 49.389360 
144.000000 349.000000 
0.121951 0.078049 0.043902 0.019512 0.004878 0.000000 0.004878 0.243902 0.200000 0.165854 0.141463 0.126829 0.121951 0.126829 0.375610 0.331707 0.297561 0.273171 0.258537 0.253659 0.258537 0.517073 0.473171 0.439024 0.414634 0.400000 0.395122 0.400000 0.668293 0.624390 0.590244 0.565854 0.551220 0.546341 0.551220 0.829268 0.785366 0.751220 0.726829 0.712195 0.707317 0.712195 1.000000 0.956098 0.921951 0.897561 0.882927 0.878049 0.882927 
1.000000 59.006083 
0.051719 0.029645 0.015085 0.006180 0.001464 0.000000 0.001464 0.130598 0.099432 0.077292 0.062669 0.054392 0.051719 0.054392 0.240431 0.201275 0.172533 0.152967 0.141628 0.137917 0.141628 0.381847 0.335623 0.301084 0.277205 0.263205 0.258594 0.263205 0.555335 0.502821 0.463157 0.435483 0.419149 0.413750 0.419149 0.761282 0.703142 0.658916 0.627877 0.609479 0.603385 0.609479 1.000000 0.936799 0.888487 0.854446 0.834212 0.827499 0.834212 0.033616 0.496137 1.325128 2.289674 3.170022 3.781527 4.000000 
0.438117 0.032522 0.052748 0.313257 0.643141 0.902736 1.000000 
2.340790 1.172989 0.496602 0.161406 0.032522 0.002058 0.000000 
5.839027 4.000000 2.719566 1.875029 1.358449 1.084919 1.000000 
11.007937 8.575458 6.767649 5.483391 4.635178 4.155094 4.000000 
17.905983 14.946488 12.675165 11.007937 9.873016 9.215285 9.000000 
26.579123 23.149457 20.468157 18.464712 17.079589 16.267480 16.000000 
81.000000 261.000000 
0.200000 0.138889 0.088889 0.050000 0.022222 0.005556 0.000000 0.305556 0.244444 0.194444 0.155556 0.127778 0.111111 0.105556 0.422222 0.361111 0.311111 0.272222 0.244444 0.227778 0.222222 0.550000 0.488889 0.438889 0.400000 0.372222 0.355556 0.350000 0.688889 0.627778 0.577778 0.538889 0.511111 0.494444 0.488889 0.838889 0.777778 0.727778 0.688889 0.661111 0.644444 0.638889 1.000000 0.938889 0.888889 0.850000 0.822222 0.805556 0.800000 
0.000000 26.579123 
0.001265 0.018666 0.049856 0.086146 0.119267 0.142274 0.150494 0.016483 0.001224 0.001985 0.011786 0.024197 0.033964 0.037624 0.088069 0.044132 0.018684 0.006073 0.001224 0.000077 0.000000 0.219685 0.150494 0.102320 0.070545 0.051110 0.040818 0.037624 0.414157 0.322639 0.254623 0.206304 0.174392 0.156329 0.150494 0.673686 0.562339 0.476884 0.414157 0.371458 0.346711 0.338612 1.000000 0.870964 0.770084 0.694707 0.642594 0.612040 0.601976 2.452415 4.226018 6.031918 7.583352 8.630330 9.000000 8.630330 
0.496137 1.325128 2.289674 3.170022 3.781527 4.000000 3.781527 
0.032522 0.052748 0.313257 0.643141 0.902736 1.000000 0.902736 
1.172989 0.496602 0.161406 0.032522 0.002058 0.000000 0.002058 
4.000000 2.719566 1.875029 1.358449 1.084919 1.000000 1.084919 
8.575458 6.767649 5.483391 4.635178 4.155094 4.000000 4.155094 
14.946488 12.675165 11.007937 9.873016 9.215285 9.000000 9.215285 
64.000000 221.000000 
0.159236 0.101911 0.057325 0.025478 0.006369 0.000000 0.006369 0.267516 0.210191 0.165605 0.133758 0.114650 0.108280 0.114650 0.388535 0.331210 0.286624 0.254777 0.235669 0.229299 0.235669 0.522293 0.464968 0.420382 0.388535 0.369427 0.363057 0.369427 0.668790 0.611465 0.566879 0.535032 0.515924 0.509554 0.515924 0.828025 0.770701 0.726115 0.694268 0.675159 0.668790 0.675159 1.000000 0.942675 0.898089 0.866242 0.847134 0.840764 0.847134 
0.000000 14.946488 
0.164080 0.282743 0.403568 0.507367 0.577415 0.602148 0.577415 0.033194 0.088658 0.153191 0.212091 0.253004 0.267621 0.253004 0.002176 0.003529 0.020959 0.043030 0.060398 0.066905 0.060398 0.078479 0.033225 0.010799 0.002176 0.000138 0.000000 0.000138 0.267621 0.181954 0.125449 0.090887 0.072587 0.066905 0.072587 0.573744 0.452792 0.366868 0.310118 0.277998 0.267621 0.277998 1.000000 0.848036 0.736490 0.660558 0.616552 0.602148 0.616552 8.366232 5.839027 4.000000 2.719566 1.875029 1.358449 1.084919 
14.173893 11.007937 8.575458 6.767649 5.483391 4.635178 4.155094 
21.645531 17.905983 14.946488 12.675165 11.007937 9.873016 9.215285 
30.835202 26.579123 23.149457 20.468157 18.464712 17.079589 16.267480 
41.786518 37.063835 33.212798 30.166705 27.865947 26.260659 25.313170 
54.534921 49.389360 45.159007 41.786518 39.221117 37.420659 36.353500 
69.109426 63.579349 59.006083 55.340044 52.537673 50.563054 49.389360 
145.000000 373.000000 
0.210526 0.153509 0.105263 0.065789 0.035088 0.013158 0.000000 0.320175 0.263158 0.214912 0.175439 0.144737 0.122807 0.109649 0.438596 0.381579 0.333333 0.293860 0.263158 0.241228 0.228070 0.565789 0.508772 0.460526 0.421053 0.390351 0.368421 0.355263 0.701754 0.644737 0.596491 0.557018 0.526316 0.504386 0.491228 0.846491 0.789474 0.741228 0.701754 0.671053 0.649123 0.635965 1.000000 0.942982 0.894737 0.855263 0.824561 0.802632 0.789474 
1.084919 69.109426 
0.107040 0.069888 0.042853 0.024030 0.011615 0.004021 0.000000 0.192416 0.145874 0.110115 0.083539 0.064660 0.052191 0.045133 0.302253 0.247279 0.203773 0.170383 0.145874 0.129190 0.119521 0.437347 0.374780 0.324362 0.284945 0.255493 0.235131 0.223193 0.598337 0.528911 0.472299 0.427519 0.393697 0.370098 0.356169 0.785746 0.710104 0.647915 0.598337 0.560624 0.534157 0.518469 1.000000 0.918705 0.851475 0.797582 0.756386 0.727357 0.710104 1.084919 0.161406 0.033616 0.496137 1.325128 2.289674 3.170022 
3.262534 1.455776 0.438117 0.032522 0.052748 0.313257 0.643141 
6.767649 4.155094 2.340790 1.172989 0.496602 0.161406 0.032522 
11.711488 8.366232 5.839027 4.000000 2.719566 1.875029 1.358449 
18.184575 14.173893 11.007937 8.575458 6.767649 5.483391 4.635178 
26.260659 21.645531 17.905983 14.946488 12.675165 11.007937 9.873016 
36.000000 30.835202 26.579123 23.149457 20.468157 18.464712 17.079589 
85.000000 289.000000 
0.294118 0.220588 0.156863 0.102941 0.058824 0.024510 0.000000 0.387255 0.313725 0.250000 0.196078 0.151961 0.117647 0.093137 0.490196 0.416667 0.352941 0.299020 0.254902 0.220588 0.196078 0.602941 0.529412 0.465686 0.411765 0.367647 0.333333 0.308824 0.725490 0.651961 0.588235 0.534314 0.490196 0.455882 0.431373 0.857843 0.784314 0.720588 0.666667 0.622549 0.588235 0.563725 1.000000 0.926471 0.862745 0.808824 0.764706 0.730392 0.705882 
0.032522 36.000000 
0.029260 0.003583 0.000030 0.012890 0.035938 0.062755 0.087232 0.089804 0.039571 0.011277 0.000000 0.000562 0.007805 0.016977 0.187256 0.114619 0.064177 0.031708 0.012903 0.003583 0.000000 0.324709 0.231701 0.161438 0.110307 0.074708 0.051227 0.036865 0.504680 0.393171 0.305148 0.237518 0.187256 0.151550 0.127967 0.729218 0.600904 0.496934 0.414651 0.351502 0.305148 0.273594 1.000000 0.856404 0.738072 0.642718 0.568170 0.512468 0.473958 1.084919 0.098413 0.136792 1.000000 2.452415 4.226018 6.031918 
2.985715 1.084919 0.161406 0.033616 0.496137 1.325128 2.289674 
6.020271 3.262534 1.455776 0.438117 0.032522 0.052748 0.313257 
10.321251 6.767649 4.155094 2.340790 1.172989 0.496602 0.161406 
16.000000 11.711488 8.366232 5.839027 4.000000 2.719566 1.875029 
23.149457 18.184575 14.173893 11.007937 8.575458 6.767649 5.483391 
31.847027 26.260659 21.645531 17.905983 14.946488 12.675165 11.007937 
73.000000 277.000000 
0.352941 0.269608 0.196078 0.132353 0.078431 0.034314 0.000000 0.436275 0.352941 0.279412 0.215686 0.161765 0.117647 0.083333 0.529412 0.446078 0.372549 0.308824 0.254902 0.210784 0.176471 0.632353 0.549020 0.475490 0.411765 0.357843 0.313725 0.279412 0.745098 0.661765 0.588235 0.524510 0.470588 0.426471 0.392157 0.867647 0.784314 0.710784 0.647059 0.593137 0.549020 0.514706 1.000000 0.916667 0.843137 0.779412 0.725490 0.681373 0.647059 
0.032522 31.847027 
0.033079 0.002071 0.003277 0.030410 0.076063 0.131811 0.188574 0.092825 0.033079 0.004051 0.000034 0.014572 0.040629 0.070947 0.188208 0.101526 0.044736 0.012749 0.000000 0.000636 0.008824 0.323397 0.211700 0.129582 0.072554 0.035847 0.014587 0.004051 0.501893 0.367096 0.261947 0.182511 0.124707 0.084460 0.057914 0.726616 0.570559 0.444494 0.344981 0.268523 0.211700 0.171333 1.000000 0.824408 0.679345 0.561802 0.468779 0.397386 0.344981 54.133685 42.157175 31.847027 23.149457 16.000000 10.321251 6.020271 
61.904830 49.389360 38.497688 29.173172 21.349014 14.946488 9.873016 
70.837268 57.776345 46.301136 36.353500 27.865947 20.760318 14.946488 
81.000000 67.393800 55.340044 44.780268 35.647620 27.865947 21.349014 
92.458381 78.312469 65.690590 54.534921 44.780268 36.353500 29.173172 
105.273584 90.597740 77.422223 65.690590 55.340044 46.301136 38.497688 
119.502332 104.309524 90.597740 78.312469 67.393800 57.776345 49.389360 
181.000000 481.000000 
0.520000 0.416667 0.320000 0.230000 0.146667 0.070000 0.000000 0.583333 0.480000 0.383333 0.293333 0.210000 0.133333 0.063333 0.653333 0.550000 0.453333 0.363333 0.280000 0.203333 0.133333 0.730000 0.626667 0.530000 0.440000 0.356667 0.280000 0.210000 0.813333 0.710000 0.613333 0.523333 0.440000 0.363333 0.293333 0.903333 0.800000 0.703333 0.613333 0.530000 0.453333 0.383333 1.000000 0.896667 0.800000 0.710000 0.626667 0.550000 0.480000 
6.020271 119.502332 
0.423974 0.318437 0.227584 0.150942 0.087941 0.037900 0.000000 0.492453 0.382167 0.286190 0.204023 0.135076 0.078658 0.033950 0.571165 0.456073 0.354954 0.267295 0.192503 0.129889 0.078658 0.660719 0.540821 0.434604 0.341552 0.261075 0.192503 0.135076 0.761690 0.637036 0.525813 0.427509 0.341552 0.267295 0.204023 0.874617 0.745294 0.629192 0.525813 0.434604 0.354954 0.286190 1.000000 0.866122 0.745294 0.637036 0.540821 0.456073 0.382167 17.905983 11.007937 5.839027 2.340790 0.438117 0.033616 1.000000 
21.645531 14.173893 8.366232 4.155094 1.455776 0.161406 0.136792 
26.260659 18.184575 11.711488 6.767649 3.262534 1.084919 0.098413 
31.847027 23.149457 16.000000 10.321251 6.020271 2.985715 1.084919 
38.497688 29.173172 21.349014 14.946488 9.873016 6.020271 3.262534 
46.301136 36.353500 27.865947 20.760318 14.946488 10.321251 6.767649 
55.340044 44.780268 35.647620 27.865947 21.349014 16.000000 11.711488 
100.000000 340.000000 
0.550000 0.437500 0.333333 0.237500 0.150000 0.070833 0.000000 0.604167 0.491667 0.387500 0.291667 0.204167 0.125000 0.054167 0.666667 0.554167 0.450000 0.354167 0.266667 0.187500 0.116667 0.737500 0.625000 0.520833 0.425000 0.337500 0.258333 0.187500 0.816667 0.704167 0.600000 0.504167 0.416667 0.337500 0.266667 0.904167 0.791667 0.687500 0.591667 0.504167 0.425000 0.354167 1.000000 0.887500 0.783333 0.687500 0.600000 0.520833 0.450000 
0.033616 55.340044 
0.323152 0.198428 0.104968 0.041716 0.007314 0.000000 0.017473 0.390767 0.255671 0.150663 0.074521 0.025714 0.002311 0.001866 0.474213 0.328189 0.211149 0.121759 0.058382 0.019009 0.001172 0.575221 0.417959 0.288689 0.186012 0.108245 0.053377 0.019009 0.695472 0.526875 0.385405 0.269641 0.177907 0.108245 0.058382 0.836567 0.656703 0.503239 0.374761 0.269641 0.186012 0.121759 1.000000 0.809068 0.643940 0.503239 0.385405 0.288689 0.211149 2.289674 6.031918 11.452992 18.419513 26.719058 36.000000 45.661905 
1.325128 4.226018 8.630330 14.355744 21.131267 28.549207 36.000000 
0.496137 2.452415 5.748844 10.174507 15.436508 21.131267 26.719058 
0.033616 1.000000 3.170022 6.323810 10.174507 14.355744 18.419513 
0.161406 0.136792 1.211111 3.170022 5.748844 8.630330 11.452992 
1.084919 0.098413 0.136792 1.000000 2.452415 4.226018 6.031918 
2.985715 1.084919 0.161406 0.033616 0.496137 1.325128 2.289674 
18.000000 162.000000 
0.500000 0.381944 0.277778 0.187500 0.111111 0.048611 0.000000 0.548611 0.430556 0.326389 0.236111 0.159722 0.097222 0.048611 0.611111 0.493056 0.388889 0.298611 0.222222 0.159722 0.111111 0.687500 0.569444 0.465278 0.375000 0.298611 0.236111 0.187500 0.777778 0.659722 0.555556 0.465278 0.388889 0.326389 0.277778 0.881944 0.763889 0.659722 0.569444 0.493056 0.430556 0.381944 1.000000 0.881944 0.777778 0.687500 0.611111 0.548611 0.500000 
0.033616 45.661905 
0.049444 0.131460 0.250270 0.402950 0.584844 0.788247 1.000000 0.028305 0.091882 0.188408 0.313887 0.462381 0.624954 0.788247 0.010137 0.053011 0.125256 0.222250 0.337573 0.462381 0.584844 0.000000 0.021179 0.068738 0.137857 0.222250 0.313887 0.402950 0.002801 0.002261 0.025806 0.068738 0.125256 0.188408 0.250270 0.023041 0.001420 0.002261 0.021179 0.053011 0.091882 0.131460 0.064699 0.023041 0.002801 0.000000 0.010137 0.028305 0.049444 11.007937 5.483391 1.875029 0.161406 0.313257 2.289674 6.031918 
12.675165 6.767649 2.719566 0.496602 0.052748 1.325128 4.226018 
14.946488 8.575458 4.000000 1.172989 0.032522 0.496137 2.452415 
17.905983 11.007937 5.839027 2.340790 0.438117 0.033616 1.000000 
21.645531 14.173893 8.366232 4.155094 1.455776 0.161406 0.136792 
26.260659 18.184575 11.711488 6.767649 3.262534 1.084919 0.098413 
31.847027 23.149457 16.000000 10.321251 6.020271 2.985715 1.084919 
73.000000 277.000000 
0.647059 0.514706 0.392157 0.279412 0.176471 0.083333 0.000000 0.681373 0.549020 0.426471 0.313725 0.210784 0.117647 0.034314 0.725490 0.593137 0.470588 0.357843 0.254902 0.161765 0.078431 0.779412 0.647059 0.524510 0.411765 0.308824 0.215686 0.132353 0.843137 0.710784 0.588235 0.475490 0.372549 0.279412 0.196078 0.916667 0.784314 0.661765 0.549020 0.446078 0.352941 0.269608 1.000000 0.867647 0.745098 0.632353 0.529412 0.436275 0.352941 
0.032522 31.847027 
0.344981 0.171333 0.057914 0.004051 0.008824 0.070947 0.188574 0.397386 0.211700 0.084460 0.014587 0.000636 0.040629 0.131811 0.468779 0.268523 0.124707 0.035847 0.000000 0.014572 0.076063 0.561802 0.344981 0.182511 0.072554 0.012749 0.000034 0.030410 0.679345 0.444494 0.261947 0.129582 0.044736 0.004051 0.003277 0.824408 0.570559 0.367096 0.211700 0.101526 0.033079 0.002071 1.000000 0.726616 0.501893 0.323397 0.188208 0.092825 0.033079 1.358449 0.032522 0.643141 3.170022 7.583352 13.837582 21.859783 
1.084919 0.002058 0.902736 3.781527 8.630330 15.436508 24.179224 
1.000000 0.000000 1.000000 4.000000 9.000000 16.000000 25.000000 
1.084919 0.002058 0.902736 3.781527 8.630330 15.436508 24.179224 
1.358449 0.032522 0.643141 3.170022 7.583352 13.837582 21.859783 
1.875029 0.161406 0.313257 2.289674 6.031918 11.452992 18.419513 
2.719566 0.496602 0.052748 1.325128 4.226018 8.630330 14.355744 
36.000000 160.000000 
0.903226 0.717742 0.548387 0.395161 0.258065 0.137097 0.032258 0.879032 0.693548 0.524194 0.370968 0.233871 0.112903 0.008065 0.870968 0.685484 0.516129 0.362903 0.225806 0.104839 0.000000 0.879032 0.693548 0.524194 0.370968 0.233871 0.112903 0.008065 0.903226 0.717742 0.548387 0.395161 0.258065 0.137097 0.032258 0.943548 0.758065 0.588710 0.435484 0.298387 0.177419 0.072581 1.000000 0.814516 0.645161 0.491935 0.354839 0.233871 0.129032 
0.000000 25.000000 
0.054338 0.001301 0.025726 0.126801 0.303334 0.553503 0.874391 0.043397 0.000082 0.036109 0.151261 0.345213 0.617460 0.967169 0.040000 0.000000 0.040000 0.160000 0.360000 0.640000 1.000000 0.043397 0.000082 0.036109 0.151261 0.345213 0.617460 0.967169 0.054338 0.001301 0.025726 0.126801 0.303334 0.553503 0.874391 0.075001 0.006456 0.012530 0.091587 0.241277 0.458120 0.736781 0.108783 0.019864 0.002110 0.053005 0.169041 0.345213 0.574230 1.211111 3.170022 5.748844 8.630330 11.452992 13.837582 15.436508 
3.170022 6.323810 10.174507 14.355744 18.419513 21.859783 24.179224 
5.748844 10.174507 15.436508 21.131267 26.719058 31.526374 34.821571 
8.630330 14.355744 21.131267 28.549207 36.000000 42.613009 47.291676 
11.452992 18.419513 26.719058 36.000000 45.661905 54.677872 61.429891 
13.837582 21.859783 31.526374 42.613009 54.677872 66.774603 76.806504 
15.436508 24.179224 34.821571 47.291676 61.429891 76.806504 91.887302 
2.000000 98.000000 
1.000000 0.864583 0.750000 0.656250 0.583333 0.531250 0.500000 0.864583 0.729167 0.614583 0.520833 0.447917 0.395833 0.364583 0.750000 0.614583 0.500000 0.406250 0.333333 0.281250 0.250000 0.656250 0.520833 0.406250 0.312500 0.239583 0.187500 0.156250 0.583333 0.447917 0.333333 0.239583 0.166667 0.114583 0.083333 0.531250 0.395833 0.281250 0.187500 0.114583 0.062500 0.031250 0.500000 0.364583 0.250000 0.156250 0.083333 0.031250 0.000000 
1.211111 91.887302 
0.000000 0.021603 0.050043 0.081821 0.112950 0.139248 0.156881 0.021603 0.056384 0.098851 0.144962 0.189779 0.227719 0.253298 0.050043 0.098851 0.156881 0.219685 0.281308 0.334324 0.370665 0.081821 0.144962 0.219685 0.301491 0.383661 0.456591 0.508188 0.112950 0.189779 0.281308 0.383661 0.490215 0.589645 0.664108 0.139248 0.227719 0.334324 0.456591 0.589645 0.723051 0.833685 0.156881 0.253298 0.370665 0.508188 0.664108 0.833685 1.000000 