100 100 51 1011 1262
100 101 51 1010 1262
100 101 51 1010 1262
100 101 51 1010 1262
100 101 51 1010 1262
100 101 51 1010 1262
101 103 50 1008 1262
101 103 50 1008 1262
101 103 50 1008 1262
102 103 49 1008 1262
102 104 49 1007 1262
102 103 49 1008 1262
102 103 49 1008 1262
102 103 49 1008 1262
102 103 49 1008 1262
102 103 49 1008 1262
102 103 49 1008 1262
102 103 49 1008 1262
102 102 49 1009 1262
102 102 49 1009 1262
102 102 49 1009 1262
101 101 50 1010 1262
101 101 50 1010 1262
101 100 50 1011 1262
101 99 50 1012 1262
100 98 51 1013 1262
100 96 51 1015 1262
99 93 52 1018 1262
99 90 52 1021 1262
98 88 53 1023 1262
98 86 53 1025 1262
98 83 53 1028 1262
97 78 54 1033 1262
97 76 54 1035 1262
97 72 54 1039 1262
97 68 54 1043 1262
97 64 54 1047 1262
97 64 54 1047 1262
97 60 54 1051 1262
97 55 54 1056 1262
96 52 55 1059 1262
95 49 56 1062 1262
95 45 56 1066 1262
94 43 57 1068 1262
94 41 57 1070 1262
93 38 58 1073 1262
93 35 58 1076 1262
93 29 58 1082 1262
93 28 58 1083 1262
93 25 58 1086 1262
93 24 58 1087 1262
91 19 60 1092 1262
90 19 61 1092 1262
90 14 61 1097 1262
88 12 63 1099 1262
88 10 63 1101 1262
88 8 63 1103 1262
88 7 63 1104 1262
88 6 63 1105 1262
88 5 63 1106 1262
87 2 64 1109 1262
87 0 64 1111 1262
87 0 64 1111 1262
86 0 65 1111 1262
85 0 66 1111 1262
83 0 68 1111 1262
83 0 68 1111 1262
80 0 71 1111 1262
78 0 73 1111 1262
76 0 75 1111 1262
75 0 76 1111 1262
74 0 77 1111 1262
71 0 80 1111 1262
68 0 83 1111 1262
65 0 86 1111 1262
63 0 88 1111 1262
62 0 89 1111 1262
59 0 92 1111 1262
57 0 94 1111 1262
55 0 96 1111 1262
52 0 99 1111 1262
48 0 103 1111 1262
45 0 106 1111 1262
43 0 108 1111 1262
39 0 112 1111 1262
35 0 116 1111 1262
31 0 120 1111 1262
30 0 121 1111 1262
29 0 122 1111 1262
29 0 122 1111 1262
27 0 124 1111 1262
27 0 124 1111 1262
23 0 128 1111 1262
22 0 129 1111 1262
19 0 132 1111 1262
15 0 136 1111 1262
12 0 139 1111 1262
10 0 141 1111 1262
7 0 144 1111 1262
6 0 145 1111 1262
5 0 146 1111 1262
1 0 150 1111 1262
1 0 150 1111 1262
1 0 150 1111 1262
1 0 150 1111 1262
1 0 150 1111 1262
