Accelerometer Threshold - 0.000900	GyroScope Threshold - 0.030000	Window - 10 
34 0.750000 2.450000 -0.001847 -0.000705 -0.002613 0.242882 -0.313148 -14.010060 
32 5.500000 7.100000 -0.001717 -0.000214 -0.013500 0.057237 0.533290 -12.414348 
32 10.300000 11.900000 0.000165 0.000641 -0.006460 -0.217162 0.081988 -12.399937 
26 14.350000 15.650000 -0.001373 0.003339 0.003291 0.306143 -0.000505 -8.185588 
15 15.700000 16.450001 0.000143 -0.005484 -0.004347 -0.062460 -0.003031 -2.725714 
29 18.950001 20.400000 -0.001069 -0.004713 -0.008636 0.359972 -0.054766 -10.648720 
39 22.450001 24.400000 0.003103 0.001435 -0.000690 3.056256 -1.637123 -17.661589 
40 31.150000 33.150002 -0.000169 -0.000480 0.026045 -0.104642 -0.106179 -19.392607 
33 37.099998 38.750000 0.000421 -0.001378 -0.029888 -0.132830 0.117453 -13.269423 
34 42.750000 44.450001 0.038738 0.001531 -0.004966 -0.659122 -4.135501 -11.766035 
34 47.849998 49.549999 -0.035775 0.004706 0.003697 -0.551448 -12.606754 -2.955155 
28 53.000000 54.400002 0.000590 0.039490 0.002606 2.599399 -0.017509 -8.314718 
36 57.950001 59.750000 0.009559 0.043791 -0.009173 14.105116 -0.017829 -2.897318 
8 62.099998 62.500000 0.010769 0.081959 -0.044635 18.999340 -18.159615 -136.641220 
---------------------------------------------------------------------------------------------- 
---------------------------------------------------------------------------------------------- 
Accelerometer Threshold - 0.000900	GyroScope Threshold - 0.030000	Window - 20 
42 0.300000 2.400000 -0.002419 -0.000936 -0.001750 0.352533 -0.309568 -21.381294 
42 5.000000 7.100000 -0.001717 -0.000214 -0.013500 0.191492 0.578579 -21.376095 
40 9.850000 11.850000 0.000970 0.001649 -0.006909 -0.150589 0.105197 -19.386427 
52 13.850000 16.450001 0.000143 -0.005484 -0.004347 0.684730 0.018411 -32.781590 
38 18.450001 20.350000 0.014627 -0.013555 0.004444 0.434299 -0.003757 -17.976664 
45 22.000000 24.250000 0.005600 -0.007801 -0.002611 3.981427 -2.823389 -23.638948 
48 30.650000 33.049999 -0.000471 0.002454 0.028153 -0.001520 -0.075387 -27.943727 
41 36.650002 38.700001 0.000224 -0.000699 -0.027106 -0.139125 0.087022 -20.451683 
44 42.250000 44.450001 0.038738 0.001531 -0.004966 -0.641987 -4.129016 -21.225550 
44 47.349998 49.549999 -0.035775 0.004706 0.003697 -0.909985 -22.070810 -2.855779 
38 52.500000 54.400002 0.000590 0.039490 0.002606 2.612689 -0.019962 -16.336426 
45 57.500000 59.750000 0.009559 0.043791 -0.009173 23.021130 -0.039240 -1.887527 
18 61.599998 62.500000 0.030068 0.064932 -0.031464 29.435093 -28.681921 -227.241714 
---------------------------------------------------------------------------------------------- 
---------------------------------------------------------------------------------------------- 
Accelerometer Threshold - 0.000900	GyroScope Threshold - 0.030000	Window - 30 
47 0.050000 2.400000 -0.002419 -0.000936 -0.001750 0.446189 -0.310562 -26.784639 
52 4.500000 7.100000 -0.001717 -0.000214 -0.013500 0.357843 0.629380 -32.782352 
49 9.400001 11.850000 0.000970 0.001649 -0.006909 -0.064238 0.152130 -29.103918 
57 13.400000 16.250000 0.000829 0.000212 0.007546 0.700663 0.065409 -39.415684 
46 17.950001 20.250000 0.014789 -0.025522 0.010063 0.473990 0.060119 -26.140200 
54 21.500000 24.200001 -0.002896 -0.007789 -0.006476 5.465766 -4.485822 -34.242691 
56 30.200001 33.000000 0.000774 0.006854 0.040752 0.101527 -0.045698 -38.055161 
50 36.150002 38.650002 0.000254 -0.001526 -0.039608 -0.136618 0.033465 -30.420891 
52 41.799999 44.400002 0.035274 0.001224 -0.005451 -0.584080 -3.699650 -30.842915 
52 46.900002 49.500000 -0.038599 0.002744 0.004415 -1.235858 -31.605309 -2.381452 
47 52.000000 54.349998 -0.001545 0.072343 0.004107 2.313233 -0.011727 -25.845789 
51 57.049999 59.599998 -0.000753 -0.017844 0.006118 30.742134 -0.054042 0.353627 
28 61.099998 62.500000 0.004961 0.031196 -0.000693 38.580555 -39.272308 -315.662048 
---------------------------------------------------------------------------------------------- 
---------------------------------------------------------------------------------------------- 
