Accelerometer Threshold - 0.000900	GyroScope Threshold - 0.030000	Window - 10 
14 48 34 0.700000 2.400000 -0.001847 -0.000705 -0.002613 0.242882 -0.313148 -14.010060 
109 141 32 5.450000 7.050000 -0.001717 -0.000214 -0.013500 0.057237 0.533290 -12.414348 
205 237 32 10.250000 11.850000 0.000165 0.000641 -0.006460 -0.217162 0.081988 -12.399937 
286 312 26 14.300000 15.600000 -0.001373 0.003339 0.003291 0.306143 -0.000505 -8.185588 
313 328 15 15.650000 16.400000 0.000143 -0.005484 -0.004347 -0.062460 -0.003031 -2.725714 
378 407 29 18.900000 20.350000 -0.001069 -0.004713 -0.008636 0.359972 -0.054766 -10.648720 
448 487 39 22.400000 24.350000 0.003103 0.001435 -0.000690 3.056256 -1.637123 -17.661589 
622 662 40 31.100000 33.100000 -0.000169 -0.000480 0.026045 -0.104642 -0.106179 -19.392607 
741 774 33 37.050000 38.700000 0.000421 -0.001378 -0.029888 -0.132830 0.117453 -13.269423 
854 888 34 42.700000 44.400000 0.038738 0.001531 -0.004966 -0.659122 -4.135501 -11.766035 
956 990 34 47.800000 49.500000 -0.035775 0.004706 0.003697 -0.551448 -12.606754 -2.955155 
1059 1087 28 52.950000 54.350000 0.000590 0.039490 0.002606 2.599399 -0.017509 -8.314718 
1158 1194 36 57.900000 59.700000 0.009559 0.043791 -0.009173 14.105116 -0.017829 -2.897318 
1241 1249 8 62.099998 62.500000 0.010769 0.081959 -0.044635 18.999340 -18.159615 -136.641220 
---------------------------------------------------------------------------------------------- 
---------------------------------------------------------------------------------------------- 
Accelerometer Threshold - 0.000900	GyroScope Threshold - 0.030000	Window - 20 
5 47 42 0.250000 2.350000 -0.002419 -0.000936 -0.001750 0.352533 -0.309568 -21.381294 
99 141 42 4.950000 7.050000 -0.001717 -0.000214 -0.013500 0.191492 0.578579 -21.376095 
196 236 40 9.800000 11.800000 0.000970 0.001649 -0.006909 -0.150589 0.105197 -19.386427 
276 328 52 13.800000 16.400000 0.000143 -0.005484 -0.004347 0.684730 0.018411 -32.781590 
368 406 38 18.400000 20.300000 0.014627 -0.013555 0.004444 0.434299 -0.003757 -17.976664 
439 484 45 21.950000 24.200000 0.005600 -0.007801 -0.002611 3.981427 -2.823389 -23.638948 
612 660 48 30.600000 33.000000 -0.000471 0.002454 0.028153 -0.001520 -0.075387 -27.943727 
732 773 41 36.600000 38.650000 0.000224 -0.000699 -0.027106 -0.139125 0.087022 -20.451683 
844 888 44 42.200000 44.400000 0.038738 0.001531 -0.004966 -0.641987 -4.129016 -21.225550 
946 990 44 47.300000 49.500000 -0.035775 0.004706 0.003697 -0.909985 -22.070810 -2.855779 
1049 1087 38 52.450000 54.350000 0.000590 0.039490 0.002606 2.612689 -0.019962 -16.336426 
1149 1194 45 57.450000 59.700000 0.009559 0.043791 -0.009173 23.021130 -0.039240 -1.887527 
1231 1249 18 61.599998 62.500000 0.030068 0.064932 -0.031464 29.435093 -28.681921 -227.241714 
---------------------------------------------------------------------------------------------- 
---------------------------------------------------------------------------------------------- 
Accelerometer Threshold - 0.000900	GyroScope Threshold - 0.030000	Window - 30 
0 47 47 0.000000 2.350000 -0.002419 -0.000936 -0.001750 0.446189 -0.310562 -26.784639 
89 141 52 4.450000 7.050000 -0.001717 -0.000214 -0.013500 0.357843 0.629380 -32.782352 
187 236 49 9.350000 11.800000 0.000970 0.001649 -0.006909 -0.064238 0.152130 -29.103918 
267 324 57 13.350000 16.200000 0.000829 0.000212 0.007546 0.700663 0.065409 -39.415684 
358 404 46 17.900000 20.200000 0.014789 -0.025522 0.010063 0.473990 0.060119 -26.140200 
429 483 54 21.450000 24.150000 -0.002896 -0.007789 -0.006476 5.465766 -4.485822 -34.242691 
603 659 56 30.150000 32.950000 0.000774 0.006854 0.040752 0.101527 -0.045698 -38.055161 
722 772 50 36.100000 38.600000 0.000254 -0.001526 -0.039608 -0.136618 0.033465 -30.420891 
835 887 52 41.750000 44.350000 0.035274 0.001224 -0.005451 -0.584080 -3.699650 -30.842915 
937 989 52 46.850000 49.450000 -0.038599 0.002744 0.004415 -1.235858 -31.605309 -2.381452 
1039 1086 47 51.950000 54.300000 -0.001545 0.072343 0.004107 2.313233 -0.011727 -25.845789 
1140 1191 51 57.000000 59.550000 -0.000753 -0.017844 0.006118 30.742134 -0.054042 0.353627 
1221 1249 28 61.099998 62.500000 0.004961 0.031196 -0.000693 38.580555 -39.272308 -315.662048 
---------------------------------------------------------------------------------------------- 
---------------------------------------------------------------------------------------------- 
Accelerometer Threshold - 0.000900	GyroScope Threshold - 0.030000	Window - 40 
0 46 46 0.000000 2.300000 -0.001402 -0.000276 -0.007870 0.426641 -0.310929 -25.657061 
79 140 61 3.950000 7.000000 0.001016 -0.001319 -0.010833 0.539493 0.677421 -45.124908 
178 235 57 8.900000 11.750000 0.000944 -0.000641 -0.003633 0.025670 0.197516 -39.393307 
258 323 65 12.900000 16.150000 -0.000370 0.001531 0.002172 0.765988 0.124495 -51.269032 
349 404 55 17.450000 20.200000 0.014789 -0.025522 0.010063 0.611969 0.103200 -37.184708 
419 481 62 20.950000 24.050000 -0.009089 -0.012266 -0.007361 6.924217 -6.326780 -45.323780 
593 659 66 29.650000 32.950000 0.000774 0.006854 0.040752 0.250491 0.006750 -52.865597 
713 772 59 35.650000 38.600000 0.000254 -0.001526 -0.039608 -0.159832 -0.013511 -42.353477 
825 887 62 41.250000 44.350000 0.035274 0.001224 -0.005451 -0.590166 -3.698020 -44.699398 
927 989 62 46.350000 49.450000 -0.038599 0.002744 0.004415 -1.788390 -45.438240 -2.150836 
1029 1086 57 51.450000 54.300000 -0.001545 0.072343 0.004107 2.321826 -0.011861 -38.461311 
1130 1190 60 56.500000 59.500000 0.000978 -0.044319 0.005888 43.117840 -0.116893 2.228566 
1211 1249 38 60.599998 62.500000 0.003024 -0.001174 -0.007359 52.445747 -54.806850 -422.254852 
---------------------------------------------------------------------------------------------- 
---------------------------------------------------------------------------------------------- 
Accelerometer Threshold - 0.000900	GyroScope Threshold - 0.030000	Window - 50 
0 46 46 0.000000 2.300000 -0.001402 -0.000276 -0.007870 0.426641 -0.310929 -25.657061 
70 140 70 3.500000 7.000000 0.001016 -0.001319 -0.010833 0.763923 0.748160 -59.413109 
169 234 65 8.450000 11.700000 -0.000422 0.000574 0.006325 0.132670 0.257429 -51.233982 
248 319 71 12.400000 15.950000 0.000681 -0.001558 0.001811 0.783243 0.200944 -61.153339 
339 404 65 16.950000 20.200000 0.014789 -0.025522 0.010063 0.808771 0.165773 -51.751400 
410 479 69 20.500000 23.950000 -0.012830 -0.004255 -0.009102 8.340416 -8.099951 -56.292068 
584 659 75 29.200000 32.950000 0.000774 0.006854 0.040752 0.390754 0.046945 -68.277092 
703 771 68 35.150000 38.550000 -0.000530 -0.000005 -0.042259 -0.169372 -0.075818 -56.252632 
815 886 71 40.750000 44.300000 0.026243 -0.001623 -0.002924 -0.575305 -3.287766 -59.510185 
918 988 70 45.900000 49.400000 -0.041313 0.002174 0.001040 -2.235682 -58.446911 -1.663789 
1020 1086 66 51.000000 54.300000 -0.001545 0.072343 0.004107 2.338655 -0.014661 -51.937157 
1120 1190 70 56.000000 59.500000 0.000978 -0.044319 0.005888 58.983852 -0.175759 4.104691 
1201 1249 48 60.099998 62.500000 -0.013562 0.003068 -0.003004 69.988571 -68.992546 -539.037170 
---------------------------------------------------------------------------------------------- 
---------------------------------------------------------------------------------------------- 
