0.374146 -0.025330 -19.795229 -0.062392 -0.014024 -0.019129
0.353394 -0.065002 -19.795839 -0.211114 -0.156217 0.071305
0.316467 0.012207 -19.836119 -0.014266 0.033856 0.004707
0.295105 0.032349 -19.759216 -0.331917 -0.061627 0.025211
0.375977 0.032349 -19.834593 -0.281811 -0.157156 -0.021659
0.314331 -0.025940 -19.777525 -0.061591 -0.252220 -0.044438
0.316467 0.072021 -19.758913 -0.254979 -0.134148 -0.113853
0.256042 0.011902 -19.798891 -0.034943 0.008783 -0.134479
0.294800 0.052490 -19.720154 -0.012965 -0.061738 -0.042448
0.314331 0.033264 -19.719847 0.059057 -0.156409 0.003366
0.296936 0.090637 -19.778748 0.003618 0.369238 0.239207
0.276489 0.031738 -19.798584 -0.036388 -0.134565 -0.112925
0.330811 -0.044250 -19.759521 -0.163847 -0.228093 0.093756
0.311584 -0.083923 -19.858398 0.010547 -0.133867 -0.043250
0.256958 0.030823 -19.799803 -0.164327 -0.180818 0.093996
0.317688 0.090942 -19.759216 -0.086249 -0.110974 -0.090047
0.355835 0.032349 -19.740601 0.645271 0.889604 -0.100043
0.347290 -0.121155 -19.720764 0.426688 0.864826 -0.147934
0.396423 -0.106812 -19.856569 0.106999 0.984168 -0.056073
0.466309 -0.119934 -19.760439 0.207144 0.174467 -0.132285
0.493774 -0.025024 -19.720154 -0.103533 -0.017052 -0.343679
0.335693 -0.086670 -19.777222 -0.758429 -0.486910 0.435116
0.714722 -0.548401 -19.719543 -0.074976 -0.248061 0.417937
0.081787 -2.220154 -19.718935 -0.162429 0.242382 1.879934
0.253906 -3.175354 -19.740601 0.335822 -0.092489 4.239772
0.545959 -2.665100 -19.759521 -0.063651 0.012491 2.757652
-0.624695 -2.538146 -19.837646 0.314272 0.486355 2.324718
-0.334167 -1.847534 -19.759521 -0.252339 -0.228265 -2.914166
0.708923 -0.464783 -19.858398 0.095602 1.039645 -4.982898
0.063782 -0.981750 -19.799803 -0.986547 0.272227 -2.820872
0.709534 -0.001526 -19.759216 -1.771781 0.851861 -1.755611
1.611938 0.776978 -19.740601 -0.910682 0.510176 -2.910492
-0.310059 1.246033 -19.720764 -1.186889 -0.192278 1.038243
2.077942 -2.179870 -19.856569 0.779183 -1.534860 -0.374466
0.200195 -0.315857 -19.760439 0.904990 -0.533356 7.664580
-2.137756 -0.422668 -19.720154 -1.829567 0.691413 4.074082
1.155701 1.574402 -19.777222 -0.650735 -0.105598 -5.297622
0.570984 -0.109863 -19.719543 0.313367 -0.597714 0.625907
1.937866 -0.384216 -19.718935 -1.072316 -0.117347 1.339865
-0.854492 0.603027 -19.740601 -0.200771 0.583573 -0.245476
-1.148682 1.551514 -19.759521 1.348271 -0.227170 -0.662083
0.836182 2.315064 -19.837646 -0.153972 -0.226486 -5.598872
-0.105286 1.309814 -19.680479 0.175182 -0.293195 -5.134884
1.199646 3.037414 -19.935301 -0.524340 -0.456649 -7.223396
0.354004 1.923523 -19.817200 0.450690 -0.626992 0.092160
0.575256 2.520446 -19.780273 -0.560637 -0.110448 -3.148122
0.922852 2.954406 -19.777525 -0.967652 -0.374491 -0.700125
0.442505 2.209778 -19.758913 -0.738905 -0.282082 -1.045093
0.435791 1.013794 -19.798891 -0.056265 0.005446 1.668441
0.405579 0.483704 -19.720154 -0.734686 -0.282679 1.500089
0.149231 -0.294800 -19.719847 -0.461792 -0.077895 0.415961
0.397644 1.232605 -19.778748 1.934098 -1.486262 4.812742
0.498962 0.169678 -19.798584 -0.159308 0.085821 0.048908
0.358276 0.110474 -19.660341 0.111676 -0.033536 -0.043219
0.319519 0.149536 -19.718935 0.062363 -0.128613 -0.021218
0.336914 0.111084 -19.837952 -0.035856 -0.080965 0.001806
0.256653 0.090637 -19.797974 -0.058471 0.084951 -0.066228
0.256958 0.090332 -19.760742 -0.038351 0.062630 0.095644
0.315857 0.052185 -19.758913 0.063061 -0.009887 -0.043284
0.313416 0.053711 -19.642027 -0.033842 -0.034051 -0.067174
0.280457 0.069275 -19.934389 -0.234495 -0.130868 0.137599
0.354614 0.073242 -19.699095 -0.157461 -0.251018 -0.001894
0.217590 0.090027 -19.761658 -0.160711 -0.059579 0.115511
0.296021 0.072021 -19.739687 -0.008096 -0.109045 -0.115472
0.297241 0.110779 -19.759521 -0.082498 -0.108738 -0.069610
0.220337 0.108643 -19.858398 -0.138129 -0.082717 0.184831
0.258789 0.129089 -19.799803 0.133751 0.130661 0.049439
0.296326 0.071716 -19.759216 0.066157 0.128679 -0.159195
0.276794 0.090942 -19.740601 -0.134973 -0.107551 0.068924
0.275269 0.052185 -19.720764 -0.011047 -0.226984 -0.000886
0.320740 0.168457 -19.856569 -0.081589 -0.394546 -0.095357
0.255432 0.031738 -19.760439 -0.234412 -0.107047 0.137784
0.316467 0.111694 -19.720154 0.061341 -0.012438 0.024592
0.357056 0.111084 -19.777222 -0.208997 0.079946 0.091905
0.335999 0.111694 -19.719543 0.063916 -0.182898 -0.070933
0.332947 -0.005798 -19.718935 -0.032998 -0.254667 -0.095267
0.277405 0.110779 -19.740601 0.038181 -0.017485 -0.024143
0.318298 0.150146 -19.759521 0.276237 0.317973 0.188460
0.278625 0.089722 -19.837646 0.160181 -0.064901 -0.023904
0.334778 0.092468 -19.680479 0.013379 -0.137469 -0.002943
0.260620 0.088196 -19.935301 -0.033626 -0.042959 -0.071762
0.297546 0.071106 -19.817200 0.013894 -0.018674 -0.025010
0.258179 0.129089 -19.780273 0.013056 0.029805 0.044559
0.219421 0.069580 -19.858095 -0.009990 -0.113450 -0.003141
0.336914 0.071716 -19.797058 -0.153197 -0.162325 -0.120073
0.256348 0.050964 -19.779665 -0.132898 0.006341 0.066438
0.257874 0.109863 -19.779968 0.061560 0.078265 0.091303
0.256958 0.090332 -19.760742 0.088912 -0.183724 0.019478
0.317383 0.150757 -19.720457 -0.058983 0.149675 0.067961
0.196228 0.050964 -19.742432 0.043815 -0.161240 -0.119395
0.258484 0.089417 -19.838255 0.115295 -0.040764 -0.025538
0.338440 0.129700 -19.816895 0.018856 0.077674 -0.071278
0.295715 0.051880 -19.759216 -0.004955 0.101230 -0.094338
0.379028 0.149841 -19.835207 0.190685 -0.207153 -0.073074
0.275269 0.032349 -19.740295 -0.004446 -0.231233 -0.074376
0.276489 0.051270 -19.759521 -0.102280 0.054217 -0.072329
0.278015 0.110168 -19.858398 0.109959 0.010065 0.229105
0.318604 0.130005 -19.799803 0.043654 -0.063730 -0.026455
0.277405 0.090332 -19.759216 0.024180 -0.017818 -0.211254
0.315247 0.032654 -19.740601 0.068621 0.127140 -0.024749
0.257568 0.149841 -19.720764 -0.050095 -0.040702 -0.142617
0.338135 0.130005 -19.856569 0.024303 -0.017202 -0.188278
0.336914 0.130615 -19.760439 0.021977 -0.134743 -0.073827
0.258789 0.129089 -19.720154 0.189309 0.223574 0.046035
0.318298 0.150146 -19.777222 0.023209 -0.135157 -0.120107
0.237427 0.090027 -19.719543 -0.025504 -0.301254 -0.098893
0.356445 0.051880 -19.718935 -0.053084 -0.205050 0.017522
0.276184 0.051575 -19.740601 -0.102021 -0.038512 0.018760
0.256653 0.071106 -19.759521 -0.006377 -0.013318 0.111926
0.277100 0.031128 -19.759521 0.091073 0.129635 0.113755
0.338440 0.070496 -19.858398 -0.175780 -0.133004 0.063617
0.316162 0.051880 -19.799803 0.041612 0.177385 0.137053
0.177307 0.030518 -19.759216 -0.075161 -0.086263 -0.051097
0.256958 0.130005 -19.740601 -0.150096 -0.204760 0.016828
0.294495 0.092163 -19.720764 -0.075118 -0.133872 -0.051533
0.212708 0.073853 -19.856569 1.058075 0.134088 0.443081
0.221252 0.087891 -19.760439 -0.320315 -0.086197 -0.006189
0.676270 1.697693 -19.720154 0.219484 -0.625400 0.801735
-0.447388 3.762818 -19.777222 -0.068924 -0.571520 1.541047
-0.856628 4.350280 -19.719543 -0.168431 0.437443 5.228638
-1.093445 2.106018 -19.718935 -0.151701 0.273225 0.090370
-1.698914 1.224060 -19.740601 -1.003004 0.762514 -0.928010
2.467042 2.913514 -19.759521 0.039290 -0.186309 -3.383496
0.714417 1.075745 -19.837646 1.338758 0.028505 -0.898540
1.684265 1.651611 -19.680479 -0.416447 -0.055099 -4.588032
-2.295838 2.200012 -19.935301 0.065574 -0.724135 2.928508
-0.321655 2.558898 -19.759521 -0.975218 -0.331317 4.430288
0.013733 0.084839 -19.858398 -1.101129 -2.677538 5.542074
-1.837158 -0.341797 -19.799803 -1.471052 0.487820 5.615022
0.374756 -1.245422 -19.759216 0.416301 -0.432966 3.488410
1.753540 0.776672 -19.740601 -0.033518 0.742280 -0.691446
0.320129 -0.779419 -19.720764 1.033201 -0.252285 2.313414
0.177307 1.635132 -19.856569 -0.717079 1.359138 -3.419972
0.451050 -0.686035 -19.760439 0.337760 -0.471553 1.867929
-0.321350 -0.390320 -19.720154 0.492899 0.811481 4.240542
0.163269 -0.814819 -19.777222 0.286801 -0.382161 6.496114
0.733337 -0.123291 -19.719543 1.199141 -0.464577 2.497502
0.549011 -0.724182 -19.718935 0.043531 -2.059264 -2.590666
-0.880432 -3.264770 -19.740601 1.010251 -0.984926 -5.005074
-0.065918 -6.001586 -19.759521 0.406420 -0.527573 -4.333270
0.756226 -3.572082 -19.837646 -0.686694 -0.085483 -5.400122
0.616760 -0.828247 -19.680479 -0.982631 -0.433534 -4.363702
0.584717 0.312195 -19.935301 1.135806 -2.276678 -3.258046
-0.025940 0.150757 -19.817200 0.091334 -0.747856 0.174499
0.120239 0.068359 -19.780273 -0.047163 0.177223 -0.141807
0.119629 0.048523 -19.860840 0.118581 0.226761 0.044665
0.157776 0.089417 -19.763184 -0.025774 0.059304 -0.027073
0.099487 0.068665 -19.822691 0.071223 0.012080 -0.003826
0.155334 0.031433 -19.723816 -0.049855 -0.250085 -0.030017
0.161743 0.166626 -19.860533 -0.216608 0.152822 -0.189261
0.159302 0.108948 -19.801939 -0.077682 0.179351 0.089406
0.197754 0.109863 -19.742735 -0.077687 0.179396 0.089403
0.156860 0.050354 -19.762878 0.068021 0.227472 0.113790
0.178528 0.148926 -19.724123 -0.053871 0.155907 0.112461
0.258789 0.129089 -19.799803 -0.047036 0.129818 -0.142262
0.180969 0.147400 -19.840698 0.069393 0.084321 0.066207
0.198364 0.168762 -19.723816 0.049348 0.082825 -0.095885
0.160828 0.127258 -19.860229 -0.002308 -0.201838 0.016938
0.138245 0.069580 -19.782713 -0.049825 -0.226125 -0.029829
0.138245 0.069580 -19.782713 -0.049825 -0.226125 -0.029829
0.233765 0.052795 -19.644167 0.120087 0.036153 -0.003372
0.233765 0.052795 -19.644167 0.120087 0.036153 -0.003372
0.255737 0.091248 -19.702148 -0.024164 0.084340 -0.051150
0.255737 0.091248 -19.702148 -0.024164 0.084340 -0.051150
0.199890 0.127869 -19.840088 -0.076453 -0.176279 0.085017
0.197754 0.109863 -19.742735 -0.122207 -0.105987 -0.030290
0.198059 0.070190 -19.800720 0.004632 -0.012249 -0.213837
0.176392 0.030823 -19.762575 -0.027107 -0.128789 0.062580
0.100403 0.127258 -19.804079 0.046070 -0.128675 0.062987
0.219116 0.089111 -19.839172 -0.025301 -0.081810 -0.006402
0.180359 0.127563 -19.840698 0.069058 0.038392 0.110897
0.179749 0.068970 -19.859314 0.043594 -0.175432 0.155091
0.078430 0.108948 -19.726259 0.077065 0.083296 -0.189455
0.198669 0.069580 -19.839478 0.050873 0.012489 -0.120821
0.118408 0.128479 -19.725645 0.047885 -0.129249 -0.006436
0.140686 0.147705 -19.802856 -0.003481 -0.033292 0.086697
0.136719 0.090332 -19.685667 -0.099842 -0.010080 0.040088
0.176697 0.070801 -19.723509 0.022672 0.061310 0.018279
0.136414 0.071106 -19.685364 0.018376 0.015166 0.179797
0.220337 0.108643 -19.858398 0.026543 -0.106551 -0.122059
0.161438 0.147095 -19.860229 0.047677 0.061142 -0.004728
0.119019 0.108643 -19.764404 0.242284 0.205926 0.042913
0.156860 0.010986 -19.801331 -0.071451 -0.128831 -0.077550
0.179749 0.108643 -19.820862 -0.122022 -0.223474 -0.009285
0.097351 0.089417 -19.706419 -0.123197 -0.294440 0.036338
0.198364 0.069885 -19.819946 0.046895 -0.246375 0.060857
0.138245 0.089111 -19.763794 -0.001478 -0.008634 0.039602
0.098572 0.128174 -19.726259 0.053483 0.013160 -0.191275
0.197449 0.089722 -19.762268 0.121570 0.157737 -0.004483
0.197449 0.089722 -19.762268 0.142411 -0.031387 0.132744
0.217896 0.050354 -19.819336 -0.000312 0.038544 -0.006246
0.137329 0.089722 -19.724731 -0.074678 -0.008756 0.039180
0.179749 0.108643 -19.820862 0.023078 -0.222801 0.037776
0.217896 0.050354 -19.819336 0.097226 0.086315 -0.005285
0.179749 0.128174 -19.801939 -0.093388 -0.153418 -0.170484
0.160828 0.127258 -19.860229 0.024221 -0.151754 -0.007854
0.235596 0.072021 -19.702454 0.051539 0.037661 -0.121674
0.157166 0.110168 -19.704590 0.070875 0.134571 0.064410
0.196228 0.071106 -19.722900 0.002890 -0.152805 -0.123677
0.195312 0.051575 -19.703371 -0.073997 -0.175465 0.014512
0.119629 0.088196 -19.822388 -0.169094 0.131013 -0.123854
0.152283 -0.085449 -19.703371 -0.294531 -0.153532 0.011699
0.245056 0.244446 -19.956360 0.442340 -0.003106 0.734431
0.062256 0.125732 -19.882509 0.072579 -0.224745 -0.033197
0.157166 -0.028687 -19.859007 0.217804 -0.319307 0.013027
0.075989 0.070801 -19.648132 -0.053999 -0.153593 0.104042
0.139160 0.069275 -19.821472 0.240575 -0.153783 0.036252
0.077820 -0.010071 -19.842224 0.069139 -0.082418 0.059088
0.177307 -0.028687 -19.858704 -0.050153 -0.108118 -0.058291
0.118103 0.069580 -19.707033 -0.027158 0.058951 -0.010373
0.100098 0.087585 -19.842531 0.021686 -0.012395 -0.010754
0.159302 0.108948 -19.801939 0.067959 0.201921 0.060094
-0.080872 0.087585 -19.710999 0.024739 0.199972 -0.148409
-1.162720 0.407410 -19.761961 -0.542888 0.161814 1.004998
-1.468506 -0.047302 -19.883421 -0.025903 -0.149242 0.819206
-2.332458 0.374451 -19.792786 -0.038478 -0.176206 3.109580
-1.671143 -0.186157 -19.829712 -0.126348 0.081208 0.010898
-1.465759 0.514221 -20.295420 -0.765806 -0.307204 -0.714126
-2.091674 0.030518 -19.375610 -0.194335 0.698435 2.514390
-0.802612 0.462341 -18.897400 -0.655699 0.679383 -2.116008
-0.570679 0.515442 -19.513550 -0.101388 -0.451556 -0.943854
-0.379333 0.184021 -19.759521 0.937549 -1.976899 1.292471
-1.177979 -0.370178 -19.858398 -0.113857 -1.065283 2.266722
0.658875 0.720520 -19.799803 0.440432 1.531347 -2.982372
-0.492859 0.325317 -19.759216 0.491869 0.263125 1.495235
0.009155 0.273438 -19.740601 -0.040530 -4.434956 -4.913690
0.598145 0.177917 -19.720764 1.090698 0.926600 -1.735093
1.031189 0.303955 -19.856569 -0.551843 2.671018 -3.301778
0.841980 -0.751038 -19.760439 -0.890838 1.402280 -4.264708
0.252380 0.292358 -19.720154 -0.389624 -0.654927 -2.892304
1.926575 -0.496521 -19.777222 -0.253959 -2.975412 -4.254638
2.319642 0.192261 -19.719543 -0.002749 -0.198068 -0.018355
-1.779785 0.454712 -19.718935 0.303640 -0.737285 11.316206
0.687866 -0.563965 -19.740601 -0.168933 0.229672 2.529802
2.625122 0.210571 -19.759521 0.377674 -0.256574 -1.453198
2.570496 0.684204 -19.837646 0.387814 0.659732 -2.763710
2.692260 0.199280 -19.680479 0.066094 0.256305 -2.584044
0.112305 0.417786 -19.935301 -1.629156 0.283090 -2.132152
0.377197 0.475769 -19.817200 0.650753 -2.048100 0.242596
0.244446 0.165100 -19.780273 0.265440 0.043459 0.004911
0.139160 0.168152 -19.725342 -0.005729 -0.265316 0.116293
0.118408 0.128479 -19.725645 -0.119478 -0.171436 -0.185262
0.117798 0.069885 -19.744568 0.000434 0.043595 -0.113231
0.099487 0.108032 -19.784239 -0.049119 0.234169 -0.088630
0.097656 0.089111 -19.725952 -0.076451 0.021005 0.024961
0.196533 0.050659 -19.761961 -0.170275 -0.004181 -0.114623
0.079956 0.127258 -19.784853 -0.120184 -0.099701 -0.161486
0.241089 0.087891 -19.955444 0.120423 0.139727 -0.042292
0.120544 0.127258 -19.822691 0.044691 0.235678 0.050714
0.098572 0.088501 -19.765013 0.094818 0.116340 0.003627
0.159302 0.108948 -19.801939 0.098025 -0.003703 -0.113144
0.100403 0.147095 -19.784546 0.049353 -0.146562 -0.114707
0.120850 0.147400 -19.803465 -0.243421 -0.099399 -0.115908
0.177002 0.090027 -19.723816 0.119818 0.092419 -0.019601
0.197144 0.090027 -19.742735 -0.122652 -0.170169 -0.069612
0.116272 0.010986 -19.744261 0.022791 0.163494 -0.042637
0.136719 0.090332 -19.685667 -0.052036 -0.074003 0.024206
0.138245 0.089111 -19.763794 -0.122625 -0.193942 -0.069831
0.058899 0.048828 -19.804382 0.120568 -0.050549 -0.044044
0.138245 0.089111 -19.763794 -0.052698 -0.026181 0.047769
0.197754 0.089417 -19.781494 0.072653 -0.072740 -0.068576
0.157166 0.030518 -19.801636 0.070256 -0.167097 0.023098
0.161133 0.187073 -19.802553 0.027267 0.024170 -0.160255
0.098267 0.069275 -19.764709 -0.024156 0.167737 -0.066691
0.101929 0.086365 -19.920351 -0.045329 0.023839 -0.183804
0.100098 0.108032 -19.803772 -0.069507 0.026248 -0.160627
0.119324 0.088501 -19.803162 -0.048147 -0.067876 -0.045672
0.160217 0.148010 -19.802246 -0.093938 0.050009 -0.160552
0.140076 0.108337 -19.821779 -0.026114 0.030766 0.071727
0.156250 0.010986 -19.781801 0.120870 0.030771 0.049402
0.197754 0.050049 -19.819946 0.074694 -0.112931 -0.044712
0.099182 0.028687 -19.861450 0.120610 -0.204595 0.094336
0.138245 0.089111 -19.763794 -0.022796 -0.039267 -0.020651
0.216370 0.031128 -19.780577 0.072240 0.009325 0.072866
0.120544 0.107727 -19.841917 -0.197309 -0.012362 0.141387
0.101624 0.106812 -19.881285 -0.097783 -0.131849 0.071433
0.099182 0.048523 -19.842224 0.003309 0.081263 -0.064902
0.120544 0.107727 -19.841917 0.025235 0.060447 0.051656
0.078430 0.069275 -19.765013 -0.171421 -0.343842 0.116311
0.140381 0.108032 -19.841309 0.071455 0.132745 0.145124
0.099792 0.068359 -19.842224 -0.092291 -0.153435 -0.088799
0.160217 0.068359 -19.898682 -0.043074 0.060627 -0.109729
0.119934 0.087891 -19.841917 -0.163521 0.131542 -0.178697
0.119934 0.108337 -19.803162 0.003047 -0.057136 -0.017514
0.176697 0.090332 -19.704283 0.051345 -0.199659 0.004593
0.097351 0.069885 -19.725645 0.121831 0.039306 0.099703
0.078125 0.029602 -19.803772 0.122211 -0.055773 0.076084
0.117188 0.029907 -19.783327 -0.144254 -0.056816 0.005182
0.176086 0.011292 -19.762268 0.077457 -0.057014 -0.085786
0.199585 0.108643 -19.839781 0.147816 0.324744 0.010612
0.177002 0.090027 -19.723816 -0.092021 -0.129095 -0.133665
0.078735 0.049133 -19.803772 0.367584 0.444153 -0.009922
0.328064 -0.141602 -19.640198 0.558320 0.517313 0.153765
1.268005 0.082397 -19.791260 1.014596 0.948766 0.414725
0.669556 -0.121155 -19.844666 0.154007 -0.096726 0.678409
2.633972 -0.000306 -19.793089 -0.166365 -0.375092 -3.745310
2.238160 0.411682 -19.340210 -0.311552 -0.081967 -2.887334
3.186340 0.086365 -19.584656 -0.458983 0.624794 -1.053515
1.666260 0.284119 -19.759521 0.155893 1.465051 -0.348334
1.119080 0.903320 -19.858398 -0.477464 -0.003205 0.560351
0.469666 -0.983582 -19.799803 -0.775417 0.983060 4.362638
0.469666 -0.983582 -19.759216 -1.004680 -1.441983 2.048654
0.462341 -0.176697 -19.740601 0.055786 2.371028 2.436570
0.089417 -0.441284 -19.720764 0.398547 1.879694 3.313270
0.476990 0.091858 -19.856569 0.422191 1.506512 1.528358
-0.521240 -0.033569 -19.760439 0.567283 -2.616668 3.482228
1.589966 -0.262146 -19.720154 -0.643734 2.151818 -0.599832
-0.283508 0.114441 -19.777222 -0.004769 -1.821306 2.051692
1.174927 -0.366821 -19.719543 -0.994885 -3.183906 -1.042412
-0.075073 0.640564 -19.718935 -0.187006 3.185898 0.523867
0.573425 0.199585 -19.759521 0.180499 -0.247746 2.368948
0.816956 -0.085144 -19.858398 -0.549201 1.335557 1.316402
-0.251465 -0.867615 -19.799803 0.257383 -0.099660 0.382323
-0.174255 -0.301514 -19.759216 -0.572688 2.183462 0.352160
-0.534668 -0.296326 -19.740601 -0.452526 -1.394417 -0.419548
0.576477 0.470276 -19.720764 -0.028136 -3.031486 -2.560764
-1.626892 -0.069275 -19.856569 -0.207572 -1.719481 0.458113
-0.637207 0.154419 -19.760439 -0.357301 -1.054070 0.554948
-0.649109 0.149231 -19.720154 0.272206 -0.623348 0.724315
-0.491943 -0.158691 -19.777222 0.591251 0.462647 -0.282140
0.241394 0.108032 -19.719543 -0.102657 0.074648 -0.800859
-0.399780 -0.133667 -19.718935 0.039211 0.178982 0.264233
-1.542358 -0.674744 -19.740601 -0.148005 0.612369 0.868706
-1.692505 0.736084 -19.759521 0.331471 0.084941 3.018438
0.362244 0.107727 -19.837646 -0.503383 -0.106001 0.490009
0.369263 0.036621 -19.680479 0.094724 -0.418681 0.027719
0.261841 0.087280 -19.935301 0.362461 0.248156 0.035258
3.308716 -2.027894 -19.817200 0.057034 -2.193640 -1.738916
0.256958 0.090332 -19.780273 0.361618 0.486366 0.060548
0.317383 0.071716 -19.797668 -0.003706 -0.180559 0.052466
0.261536 0.127258 -19.935608 -0.197007 -0.157638 -0.017818
0.316772 0.091248 -19.759216 0.023219 -0.228863 -0.040383
0.279846 0.049438 -19.934389 -0.046995 -0.087167 -0.155178
0.293884 0.033264 -19.700623 0.025620 -0.110450 -0.131851
0.258179 0.029907 -19.896240 0.090512 0.154274 0.171694
0.238037 0.090027 -19.800110 -0.146239 -0.229089 -0.087610
0.297546 0.071106 -19.817200 -0.102012 0.010544 0.076768
0.256653 0.071106 -19.760439 0.020658 -0.084608 0.053442
0.278625 0.110168 -19.798891 -0.154529 0.035646 0.215530
0.256958 0.070801 -19.779665 0.170506 0.200064 -0.081974
0.278625 0.149536 -19.760439 0.170071 -0.013897 -0.060784
0.281677 0.127563 -19.934998 0.070346 0.103146 -0.017518
0.236206 0.051270 -19.761049 -0.000064 -0.230980 -0.113495
0.255432 0.072021 -19.701845 -0.071706 0.149110 -0.179863
0.257874 0.090027 -19.799500 0.049343 -0.231085 -0.136360
0.235901 0.071716 -19.721983 -0.027024 -0.134924 -0.020228
0.317688 0.071411 -19.816895 -0.125173 -0.182451 0.001932
0.318298 0.050659 -19.875185 0.066609 -0.016754 0.093852
0.238647 0.089417 -19.838869 0.045939 -0.018022 -0.045103
0.237427 0.050659 -19.819029 0.147259 -0.042902 -0.183606
0.218811 0.089417 -19.819643 -0.120195 -0.163855 -0.234437
0.278625 0.089722 -19.837646 -0.102098 -0.066521 -0.002068
0.259094 0.128784 -19.819029 -0.104567 -0.089471 0.090257
0.278015 0.090332 -19.798891 0.017526 -0.019065 0.066587
0.335083 0.052490 -19.738770 -0.055565 -0.138180 0.065098
0.219421 0.109253 -19.819643 0.040314 -0.043142 0.111629
0.201111 0.068054 -19.956053 0.117118 0.050924 -0.025926
0.195312 0.011902 -19.742126 0.114657 0.027954 0.066404
0.260315 0.068970 -19.934998 0.189946 0.026524 -0.026755
0.238342 0.070190 -19.838562 0.045590 -0.140924 -0.098487
0.197449 0.089722 -19.762268 0.161117 0.123163 0.135927
0.218811 0.049744 -19.858095 -0.001868 0.048216 -0.167430
0.257568 0.070801 -19.799194 -0.002402 -0.046775 -0.145158
0.257874 0.070496 -19.818420 -0.005122 0.215878 -0.050239
0.257874 0.090027 -19.799500 -0.079124 0.120347 -0.029193
0.255127 0.051880 -19.721375 -0.031477 0.001830 0.016265
0.238037 0.109863 -19.780577 -0.100342 0.024067 -0.145876
0.258484 0.109863 -19.799500 0.040660 0.144640 0.040319
0.340881 0.108643 -19.952698 -0.053160 0.095635 -0.099473
0.317383 0.071716 -19.797668 -0.104794 -0.212783 0.013123
0.257568 0.070801 -19.799194 -0.096492 -0.096907 -0.310415
0.316162 0.051880 -19.778139 -0.126556 0.000146 -0.101461
0.296021 0.072021 -19.739687 0.116251 -0.141860 -0.055130
0.296021 0.032043 -19.797974 -0.032373 0.048838 0.014622
0.239563 0.128479 -19.839172 0.140953 -0.046923 -0.077840
0.317078 0.090942 -19.778442 -0.053600 -0.023638 -0.101838
0.255127 0.012207 -19.760132 0.135745 -0.045272 0.106740
0.200806 0.167236 -19.840395 -0.130802 0.048891 0.036696
0.299988 0.069580 -19.933775 -0.053141 -0.119048 -0.126361
0.219727 0.128479 -19.819946 0.065354 0.048844 -0.008894
0.311279 0.035400 -19.564514 0.019468 0.261933 -0.122912
0.196838 0.050354 -19.781187 -0.279368 -0.069550 0.103521
0.160522 0.206909 -19.763794 -0.393367 -0.643471 -0.179980
0.290222 0.420532 -19.995119 -1.134286 -0.950862 0.160181
0.090942 1.041870 -20.179739 -0.715549 -0.785071 0.002042
-0.160828 -0.190735 -20.002739 -0.216826 -0.367876 -1.333655
-0.232849 -1.190186 -21.494442 -1.561764 1.121994 -2.160576
-0.188293 0.378113 -22.729179 0.226062 3.010472 -1.555227
2.565612 -0.403137 -26.381840 -3.633620 0.617877 -4.953406
0.341797 0.659790 -24.058220 1.499180 3.321084 0.999870
0.682373 -1.439514 -24.772640 -3.004332 0.384555 0.693596
0.788574 -0.548706 -24.096060 0.327481 -1.358512 4.768604
0.287476 -1.034241 -23.425901 5.598960 3.281218 6.413370
-0.943604 0.184631 -21.931761 6.209982 4.368312 5.431602
0.430298 0.276184 -22.108761 3.804022 7.745536 -2.279296
2.168274 0.789490 -20.297239 5.340562 6.976528 -8.617643
2.940064 1.316528 -19.619139 4.476068 11.792960 -10.152154
3.636474 0.943604 -17.382202 6.390716 12.513912 -9.695354
3.243714 -0.336609 -16.217346 6.707178 8.748775 -5.030702
1.701965 -0.536804 -13.847046 10.741611 7.754244 0.119359
3.134156 -2.386474 -14.320374 6.045450 -0.457585 0.759191
2.006530 -1.804199 -13.771667 5.929224 -4.225708 2.459728
2.735900 -2.554626 -16.312563 -0.974032 -5.419632 -2.101380
2.333374 -2.237548 -15.664978 5.915442 -10.208882 4.025034
1.944885 -2.796936 -17.634583 1.299714 0.673314 -2.426824
1.602783 -2.857056 -17.449036 5.850664 -5.421950 1.777422
2.443238 -2.773132 -17.738039 -0.427695 -1.885041 -3.454580
2.525330 -2.767028 -18.785400 0.973119 -0.466033 -2.045626
3.343812 -3.039856 -19.383543 0.518254 -1.508308 -1.432875
2.764892 -2.805480 -18.934326 0.061941 -0.218160 -0.822111
2.768554 -3.244628 -19.591980 -1.364028 1.654939 -1.368358
2.873840 -2.551574 -19.088440 0.417648 -0.277160 0.475066
2.618104 -3.033142 -19.733582 -0.223245 0.128741 0.706547
2.382812 -2.918396 -19.740601 -0.128858 0.740316 -0.097205
2.558594 -2.934266 -19.619139 -0.829349 -0.809893 -0.323400
2.493592 -2.951050 -19.368286 0.761013 -0.348776 0.406897
2.656250 -2.932128 -19.538881 -0.170100 -0.761555 -0.342440
2.650452 -2.789306 -19.112244 1.519153 -0.395850 0.341269
2.509460 -3.048096 -19.308775 0.196835 0.190465 -0.401188
2.632142 -2.969666 -19.384157 0.486024 -0.022035 -0.262678
2.551574 -3.228150 -19.636839 -0.373941 1.112570 -0.974445
2.506714 -3.086242 -19.230652 0.101031 0.308702 -0.470068
2.194214 -2.993164 -19.317625 -0.299120 1.636430 -1.038537
2.700500 -3.160400 -19.089050 -0.532149 -0.619828 -0.481840
2.457276 -2.914124 -19.486084 -1.436156 0.402434 -0.454434
2.858886 -2.793580 -19.592590 -0.766863 -1.146751 -0.811847
2.821350 -2.775878 -19.691162 -0.665985 0.708274 -0.979581
2.757264 -2.872620 -19.555971 -0.110821 0.282864 -0.748997
2.991028 -2.966614 -19.471739 0.426386 -0.112705 0.152778
2.650146 -2.729492 -19.015501 0.703984 1.606080 0.678943
2.814636 -3.029786 -19.650574 -0.997261 0.569981 -0.450535
2.798156 -2.714234 -19.439392 0.463303 0.058032 0.594138
2.673950 -3.069458 -19.595642 -0.390078 0.270704 0.568189
2.619934 -2.656556 -19.386595 0.794076 -0.017508 0.086253
3.049012 -3.124084 -19.584959 -0.543667 0.454996 -0.078865
2.669372 -3.106384 -19.420776 0.326733 0.395867 1.128617
2.930908 -2.927246 -19.395445 0.521836 0.958980 0.209287
2.533874 -2.851868 -19.289856 0.394492 0.278820 1.336185
2.670288 -2.908326 -19.247133 0.375349 1.077680 0.209561
2.545472 -2.945862 -19.017027 0.129442 1.196856 0.278700
2.803344 -2.963256 -19.048769 -0.540735 0.001662 -0.175464
3.109742 -3.085022 -19.622801 -1.256311 -0.100089 -0.781950
3.369446 -2.944030 -19.558716 0.158288 -0.112453 0.151619
3.269348 -2.984314 -19.541319 0.549923 1.172672 0.072875
3.209534 -2.984620 -19.523926 -0.293453 0.153010 0.614240
2.886048 -3.063660 -19.318239 0.481339 1.084152 0.812087
2.705384 -3.044434 -19.187012 0.410698 0.345521 0.735590
2.830506 -3.026734 -19.455566 -0.345959 0.765154 -0.166860
3.372192 -3.064880 -19.810793 -1.097100 0.468443 -1.261203
3.503418 -2.939148 -19.321899 1.517798 0.416004 0.395636
3.399964 -2.897950 -19.071960 0.700324 1.362180 -0.086319
3.020936 -2.900390 -18.946228 -0.004320 1.717117 -0.202716
3.462830 -2.799682 -19.110107 -0.812787 1.232880 -0.975151
3.225708 -3.280030 -19.676817 -0.505121 0.935465 0.296459
3.282470 -3.019410 -19.268797 0.728038 0.456880 -0.186919
3.556518 -3.013916 -19.086304 0.440283 -0.235290 -0.356758
3.690796 -2.810974 -18.656616 0.979257 0.669007 -0.461270
3.609008 -2.399598 -17.126160 1.476529 0.722541 0.097258
3.638306 -2.074280 -16.253052 -1.577591 2.614766 -0.689224
3.753662 -1.932068 -15.939941 -5.696164 2.416738 -0.852713
3.166810 -1.923218 -16.286009 -9.114322 1.231053 0.181923
3.372192 -2.574158 -18.297424 -11.191005 0.926949 -1.521464
4.045716 -0.949402 -17.338869 -5.896728 -3.364004 2.194014
3.675232 -1.845398 -19.616394 -8.880022 1.216918 -1.297988
3.283996 0.273132 -17.425539 -4.042852 -1.838324 2.171890
3.166810 -0.596313 -19.444273 -6.099428 1.213968 0.545323
4.655762 0.042419 -19.739380 -6.762896 -2.719682 -0.095642
3.638916 -1.224670 -19.991457 -6.909128 -0.324003 1.660622
3.631286 0.622864 -19.382324 0.582460 2.724912 3.349582
3.038636 -0.094604 -18.421326 0.369017 -1.313373 6.851888
3.819580 -0.607605 -19.387819 1.035479 -3.884702 6.624012
2.379150 -1.033020 -19.268188 1.342161 -4.023476 7.017800
3.674622 -0.193787 -20.483400 1.317564 -8.417929 5.311838
2.462464 -0.463867 -20.669260 -0.543177 -5.095478 4.568078
3.100892 -0.631104 -21.973259 -4.313180 -2.798824 -1.378559
1.621399 -0.428162 -20.225521 -0.907933 -2.837802 -0.989793
2.831726 1.009521 -20.495300 -0.781600 -1.167207 -5.740402
1.563721 0.994873 -20.548401 -2.179826 -4.274590 -1.750331
2.099000 -0.238342 -21.030581 -5.131814 -1.702162 -3.640740
-0.472412 0.305481 -20.636900 -0.932149 -3.629834 3.561090
2.241210 0.337219 -20.525520 -3.635710 -4.906556 -2.944200
0.868225 -0.131836 -20.811460 -0.657372 -3.600530 1.503591
1.766357 -0.582886 -21.620180 -1.158373 -3.115620 -2.590314
2.218322 0.120544 -20.621641 2.240134 -3.120364 -1.044379
1.031799 0.144958 -20.731499 2.894864 -2.482038 3.638980
1.581421 0.492554 -20.077518 1.077278 -1.625934 -1.384342
1.517029 0.986023 -21.152040 1.241398 0.573989 -0.275964
0.806580 0.822754 -19.634094 1.121756 -8.833722 -1.056179
-0.281677 -0.635376 -19.497679 -0.358452 -2.818114 1.234615
1.446228 1.144714 -19.502563 1.651793 -3.389402 0.893543
0.117493 -0.009766 -19.841309 -0.526185 -4.127872 1.152376
-0.148315 0.516663 -19.774477 -0.237422 -1.945300 0.340806
0.203857 0.185242 -19.956970 0.036257 -0.281125 0.102914
0.223694 0.185852 -19.936827 0.527294 -0.352814 -0.010708
0.116577 -0.048828 -19.841003 -0.274199 0.152692 0.752988
0.415649 0.072632 -19.775389 0.066334 0.335641 -0.122711
0.411072 -0.262146 -19.948427 0.626794 0.217713 -0.097537
0.161133 0.187073 -19.802553 0.039134 0.455337 -0.029241
0.239868 0.108948 -19.858095 -0.034907 0.027230 0.012734
0.237427 0.090027 -19.780577 0.038992 -0.044233 -0.010638
0.257568 0.070801 -19.799194 -0.133114 0.074925 0.035758
0.177002 0.010986 -19.801027 -0.010849 -0.210450 0.033847
0.255127 0.032043 -19.740906 0.158805 -0.139318 0.058687
0.178528 0.069885 -19.801331 0.088733 -0.116619 -0.057189
0.237732 0.070801 -19.799803 -0.207032 -0.163625 0.056432
0.176697 0.030518 -19.781801 0.061797 0.003214 0.036298
0.140991 0.087280 -19.899599 0.109947 0.051132 0.060137
0.221252 0.087891 -19.936218 -0.083924 0.026610 0.012562
0.196838 0.010986 -19.819643 -0.008394 0.168710 -0.078282
0.236206 0.090942 -19.722290 -0.155162 -0.045521 -0.057904
0.181274 0.107422 -19.898682 0.041079 0.120979 -0.101577
0.198669 0.069580 -19.839478 -0.010125 0.050345 -0.009956
0.175476 -0.027771 -19.781187 0.184506 -0.068140 0.013180
0.140381 0.167236 -19.783630 -0.080089 -0.045994 -0.126920
0.218506 0.010071 -19.896851 0.087478 0.050529 -0.009424
0.220337 0.108643 -19.858398 -0.247645 -0.142470 -0.244413
0.119019 0.048828 -19.841614 0.010885 -0.281522 0.125966
0.197754 0.050049 -19.819946 -0.081951 -0.021533 -0.057298
0.160828 0.127258 -19.860229 -0.056316 -0.021904 -0.103431
0.238953 0.129089 -19.800417 -0.032402 -0.188260 -0.081681
0.156860 0.050354 -19.762878 0.256932 0.122654 0.038435
0.180054 0.068665 -19.878847 0.111461 -0.187178 0.011673
0.176392 0.030823 -19.762575 -0.084248 -0.093001 0.011727
0.216980 0.050659 -19.780577 0.010819 -0.044404 0.105249
0.118408 0.128479 -19.725645 -0.106147 -0.093856 -0.080956
0.180969 0.107727 -19.879150 0.155212 0.075476 0.176548
0.218201 0.050049 -19.838869 -0.106223 -0.022419 -0.080312
0.138245 0.049744 -19.802246 -0.081819 -0.022385 -0.080181
0.316467 0.012207 -19.836119 -0.014128 -0.139401 0.127378
0.257568 0.050354 -19.837952 0.035577 0.241107 0.084829
0.219116 0.109558 -19.800417 0.110891 0.144613 -0.007859
0.218506 0.089722 -19.800417 0.016605 -0.070783 -0.126030
0.260315 0.088196 -19.916075 0.090346 0.000530 -0.148116
0.120239 0.068359 -19.860840 -0.205688 -0.022794 -0.034100
0.179749 0.148010 -19.782410 -0.325106 -0.095209 -0.127985
0.218506 0.129089 -19.761961 -0.179992 -0.094563 -0.080896
0.159302 0.108948 -19.801939 -0.227087 -0.119038 -0.150575
0.176086 0.050964 -19.723509 0.156320 -0.044740 0.106743
0.214844 -0.007324 -19.741516 0.013176 -0.164995 -0.010837
0.217896 0.089722 -19.780884 -0.084043 -0.046247 -0.033194
0.198059 0.049744 -19.839478 0.065343 0.048148 -0.147201
0.200500 0.127563 -19.859314 -0.032840 0.024415 -0.124827
0.219727 0.108948 -19.839172 -0.205639 0.096306 -0.055472
0.257874 0.030212 -19.876707 -0.106742 0.000858 -0.102065
0.138245 0.049744 -19.802246 0.087210 -0.046015 -0.055148
0.197754 0.089417 -19.781494 0.037080 -0.045451 -0.008838
0.198059 0.070190 -19.800720 -0.105504 -0.118320 -0.149119
0.158691 0.069580 -19.820862 0.089374 0.191398 -0.145239
0.178528 0.109253 -19.762878 -0.083843 0.097000 -0.054160
0.178833 0.029297 -19.878847 0.060571 0.169250 0.016711
0.198059 0.109558 -19.762268 0.086736 0.216539 -0.051780
0.217896 0.089722 -19.780884 0.040563 0.072826 -0.145888
0.256042 0.051270 -19.760439 0.033188 0.003928 0.131100
0.177917 0.050049 -19.801331 -0.010074 0.049949 -0.076530
0.200500 0.147705 -19.840088 0.133764 0.098622 0.017253
0.219421 0.109253 -19.819643 -0.108969 0.121645 -0.030153
0.217590 0.070496 -19.780577 -0.008936 0.192796 -0.121024
0.215759 0.031738 -19.741823 -0.012432 -0.067750 0.015424
0.258179 0.089722 -19.818726 0.063446 -0.306477 -0.078882
0.197754 0.050049 -19.819946 0.013603 0.289144 -0.050137
0.278931 0.070190 -19.856569 0.042647 -0.069276 -0.215195
0.137634 0.070190 -19.743958 0.010850 -0.114403 0.061872
0.180054 0.108337 -19.840395 -0.029290 0.073602 -0.260043
0.256958 0.050964 -19.799194 -0.082245 -0.115421 -0.100080
0.177612 0.109863 -19.723816 0.109005 0.076541 0.041546
0.216675 0.050964 -19.761353 -0.159588 -0.137255 0.061806
0.218201 0.030212 -19.858095 -0.086299 0.457675 0.044468
0.236511 0.031433 -19.799803 0.063140 -0.209337 -0.053310
0.098877 0.088196 -19.784239 -0.055473 -0.305201 -0.170020
0.177002 0.050354 -19.762575 0.138707 0.099918 -0.142134
0.199280 0.069275 -19.858704 -0.153972 0.051872 -0.144193
0.219727 0.069275 -19.877625 -0.082926 -0.113130 -0.052173
0.177917 0.089417 -19.762878 -0.082978 -0.065520 -0.051744
0.294189 0.032959 -19.720154 -0.061745 0.221842 0.067240
0.156250 -0.008545 -19.801331 -0.034189 0.173255 -0.048743
0.238342 0.129089 -19.780884 -0.014647 0.055966 0.135408
0.274048 0.013428 -19.700928 -0.182498 -0.206306 0.040039
0.238037 0.129395 -19.761658 -0.083912 0.055249 -0.003314
0.197449 0.050354 -19.800720 -0.255083 -0.206604 0.016492
0.220947 0.127563 -19.878233 -0.178618 -0.135413 -0.097575
0.279846 0.109253 -19.856873 0.092154 -0.112025 -0.188417
0.216370 0.071411 -19.722290 0.083360 0.009910 0.136571
0.158691 0.108948 -19.782410 -0.011408 -0.085524 0.043183
0.177612 0.070190 -19.762575 0.089848 -0.039026 -0.094665
0.177002 0.010986 -19.801027 -0.152709 -0.206414 -0.143808
0.218506 0.070190 -19.819336 -0.010107 0.105204 -0.000852
0.179138 0.049133 -19.859314 0.110724 -0.013179 0.045016
0.178528 0.049438 -19.840088 0.037022 -0.132096 0.066665
0.096130 0.030518 -19.725645 0.018986 0.009366 -0.162981
0.216370 0.031128 -19.780577 -0.229964 0.058252 0.021179
0.197449 0.070190 -19.781187 -0.076095 -0.015417 -0.256293
0.219727 0.069275 -19.877625 -0.082160 0.106450 -0.023283
0.138550 0.088806 -19.783020 0.060466 0.107943 0.116350
0.177002 0.050354 -19.762575 -0.056353 0.130600 -0.068682
0.218811 0.128784 -19.781187 0.039446 0.036175 0.000408
0.177917 0.069885 -19.781801 0.044166 0.296315 -0.182314
0.156860 0.050354 -19.762878 0.015248 0.036953 0.000870
0.259094 0.089111 -19.857481 -0.152840 -0.178365 -0.094570
0.116882 0.030212 -19.764101 0.017745 0.012315 -0.091899
0.198364 0.089417 -19.801027 0.014850 -0.057181 0.023759
0.197449 0.050354 -19.800720 0.088069 -0.104665 0.023730
0.240479 0.127869 -19.877930 0.067990 -0.082356 -0.138145
0.256348 0.011597 -19.818117 0.238306 -0.176306 -0.114357
0.138855 0.029297 -19.860229 0.088741 -0.056471 0.001594
0.197449 0.030212 -19.839478 -0.037114 0.134990 0.141461
0.175781 0.051270 -19.703979 0.020554 0.037797 -0.182436
0.217285 0.030823 -19.819336 0.139497 -0.056183 -0.066942
0.158997 0.049133 -19.859621 -0.052532 -0.081344 -0.183927
0.195923 -0.008240 -19.800417 -0.201023 -0.317899 -0.093756
0.060425 0.107727 -19.804688 -0.078772 0.062884 -0.112774
0.220032 0.088501 -19.877930 -0.081179 -0.031487 -0.021089
0.157166 0.030518 -19.801636 0.284642 0.207847 -0.016357
0.258789 0.109558 -19.818726 0.091462 0.087934 -0.087929
0.158691 0.069580 -19.820862 -0.084963 0.184761 0.120211
0.138245 0.089111 -19.763794 -0.104771 0.088913 -0.042116
0.237122 0.050964 -19.799803 0.041210 -0.196266 -0.020760
0.181274 0.007935 -20.014639 -0.082276 0.113367 0.027633
0.097351 0.029602 -19.783936 -0.003167 -0.125534 -0.181687
0.156250 0.030823 -19.762878 0.016649 -0.552254 -0.000350
0.197449 0.030212 -19.839478 0.114712 -0.313526 -0.020179
0.195618 0.051270 -19.722900 0.162277 -0.336826 0.026142
-0.045471 -0.088196 -19.728394 0.305725 -0.573547 0.140485
-0.023804 -0.088806 -19.805605 -0.056409 -0.526978 0.000748
0.056152 -0.009155 -19.745789 -0.038780 0.117764 0.238071
0.021362 0.007324 -19.941103 -0.152810 -0.209976 0.859191
0.078125 0.009766 -19.822691 0.163674 -0.407077 -0.019412
0.018311 -0.050354 -19.862976 0.185113 -0.572606 0.094889
0.296021 -0.086975 -19.932863 0.318741 -0.901216 0.578548
1.232910 -0.603638 -19.845886 0.502618 -2.600318 4.683370
-1.030884 0.135498 -19.736938 0.634662 -2.228958 8.852358
0.802002 -0.612183 -20.110159 0.537670 -2.182622 6.098780
-0.524597 0.087280 -19.353638 0.858515 -1.983004 12.326574
-0.692139 -0.001220 -19.979555 0.652869 -0.646425 15.414954
-0.775146 0.000000 -19.806824 0.479262 0.004923 16.414841
-1.116943 0.059814 -19.485777 0.595128 -0.580370 14.836765
1.391296 -1.046143 -19.430849 1.253043 -0.730126 13.959806
-1.329956 0.716858 -19.904173 0.848552 -0.350744 21.758598
0.838318 -0.728455 -20.089121 1.308089 -0.111672 19.171831
1.380920 -0.840759 -18.693848 1.440626 0.306823 23.318119
-0.093994 -0.547485 -18.910219 1.441178 0.132748 25.121319
-0.698853 0.646973 -19.829102 0.368653 0.899555 23.248119
-1.105347 0.012207 -20.107420 1.221779 -0.726936 16.944477
1.654358 -0.887756 -19.482729 0.738893 -1.466067 19.503445
1.290894 -0.205078 -19.341736 1.926143 2.389540 29.726839
-2.477112 1.066589 -20.579220 0.334563 1.440073 38.154881
-1.695862 0.121765 -20.182180 1.654509 1.199635 27.146179
1.424561 -0.418396 -19.336855 1.169562 0.474960 23.411659
-2.369080 0.610962 -19.639893 0.316230 0.419467 27.941502
-0.504150 0.491638 -19.861147 0.190412 0.830593 20.794800
-1.203613 0.633850 -20.367119 -0.069567 0.271881 19.585106
0.012512 -0.304871 -19.880981 0.065358 -0.129455 17.291508
0.551758 -0.202637 -20.003359 -0.567600 0.781531 18.129242
-0.086975 -0.909424 -19.645996 -0.171240 0.432317 21.552738
-1.805725 0.472412 -20.206900 0.061488 0.014593 17.431614
-0.360107 -0.113220 -19.872742 0.464684 0.620358 13.297598
0.480042 -0.692139 -19.982300 0.006875 0.322178 6.721078
1.089172 -0.701599 -19.732666 0.034666 0.433612 11.141652
-0.705566 -0.191040 -19.570312 -0.100277 1.281496 20.704720
-0.921936 0.328979 -19.968565 0.309609 2.741582 16.300812
-0.433655 0.140381 -19.856873 -0.188477 0.981720 11.261070
0.384827 -0.556335 -19.985655 -0.251622 0.144547 8.175722
-2.012024 1.238098 -19.868164 -0.067561 -0.191871 10.418106
0.217590 -0.048828 -19.916075 -0.257265 0.216005 2.923942
-0.027161 -0.225830 -19.804688 -0.077282 0.237933 2.579000
0.438843 -0.552673 -19.750977 0.168685 0.024377 5.239320
-0.333252 0.299683 -19.738770 0.019841 -0.687931 8.078040
-1.180725 1.248169 -19.807127 -0.172915 0.119047 5.238276
-0.085754 -0.107727 -19.709778 -0.174264 0.260458 -0.174799
-0.142822 -0.050964 -19.770201 -0.006422 0.023754 -0.060328
-0.062866 -0.069885 -19.807127 0.212682 -0.189909 -0.037917
-0.001220 -0.090332 -19.940796 0.369966 -0.621625 -0.434311
-0.262756 -0.111084 -19.792480 -0.111864 0.969816 -0.700211
0.651245 0.368958 -21.210020 -0.601192 2.437448 1.138316
-0.119934 -0.091858 -19.944151 0.086241 -0.069556 0.124426
-0.123291 -0.029907 -19.711304 -0.009792 0.262913 0.057498
-0.040894 -0.051575 -19.903564 0.087835 0.191645 0.057383
-0.081787 -0.090332 -19.865112 -0.035845 0.001686 0.124391
-0.043030 -0.089722 -19.844969 0.137242 0.167709 0.034293
-0.021057 -0.030823 -19.863892 -0.059530 -0.117559 0.100033
-0.002747 -0.089417 -19.862976 -0.082122 -0.070622 0.030912
-0.024414 -0.088806 -19.786072 -0.085021 -0.307582 0.144439
-0.045471 -0.108032 -19.747923 0.139204 0.000528 -0.036632
0.016479 -0.049438 -19.785461 0.040387 0.000804 0.009103
0.012512 -0.166016 -19.726562 -0.225914 -0.237253 -0.062941
-0.084229 -0.049133 -19.710085 -0.057825 -0.045747 0.032285
-0.022583 -0.010681 -19.786682 -0.054194 0.048215 -0.105675
-0.066223 -0.127869 -19.728697 0.044074 -0.047040 -0.129129
-0.064697 -0.148315 -19.825743 -0.102805 -0.166079 -0.107896
-0.002136 -0.010376 -19.805605 0.066519 0.048819 -0.058732
-0.101929 -0.090637 -19.865721 -0.011389 -0.235228 0.123362
-0.026245 -0.087280 -19.688719 -0.052852 -0.095013 -0.153252
-0.025024 -0.147705 -19.824524 -0.032182 -0.093716 -0.014302
0.015564 -0.108032 -19.804688 -0.054769 -0.046774 -0.083414
0.018311 -0.050354 -19.862976 -0.004905 0.143282 -0.127694
0.016785 -0.089111 -19.843443 -0.075218 -0.286085 -0.224540
0.016479 -0.049438 -19.785461 -0.154848 -0.022312 0.008792
-0.022888 -0.049744 -19.805908 -0.005539 0.143481 -0.104569
-0.027161 -0.126648 -19.688416 -0.130935 -0.188672 0.030541
-0.063477 -0.089417 -19.806824 -0.060405 0.002675 0.125229
-0.003662 -0.088806 -19.824217 -0.009015 -0.140886 0.031648
-0.040588 0.007935 -19.845583 0.162284 -0.045627 0.010330
-0.063477 -0.089417 -19.806824 -0.128494 -0.141902 -0.061584
0.034180 -0.146790 -19.803772 0.067699 0.072191 -0.104831
-0.002136 -0.029907 -19.824524 0.062869 -0.115549 0.079675
0.015259 -0.127869 -19.804382 -0.076619 -0.165671 -0.176076
-0.061340 -0.051270 -19.865112 -0.028996 -0.260371 -0.130395
0.014038 -0.087280 -19.707336 -0.126649 -0.189128 -0.130298
-0.002747 -0.069580 -19.844057 0.040090 0.145596 0.012500
0.056763 -0.088806 -19.861450 0.018913 0.001714 -0.104624
-0.060425 -0.031738 -19.884644 -0.057400 0.050261 0.011087
0.077209 -0.089111 -19.899902 0.144561 0.049162 -0.241363
-0.119934 -0.091858 -19.944151 -0.151679 -0.188037 -0.106333
-0.084839 -0.088501 -19.729311 -0.004327 0.097377 -0.149197
-0.042725 -0.010681 -19.768066 -0.008640 0.099310 0.012877
-0.062256 -0.110474 -19.903870 -0.176106 -0.116215 -0.105711
-0.019531 -0.031738 -19.941711 -0.105620 0.122735 -0.010595
-0.064392 -0.089111 -19.768066 -0.027266 -0.044932 -0.196843
-0.023499 -0.129089 -19.863283 -0.001770 0.097492 -0.241688
-0.023193 -0.109253 -19.863586 -0.199967 0.050629 -0.127521
-0.043335 -0.089417 -19.825439 0.018418 0.075663 -0.080007
-0.003357 0.010071 -19.727785 -0.055963 0.028356 -0.034576
-0.063477 -0.149231 -19.884035 0.015220 0.171896 0.036528
0.016174 -0.088501 -19.804688 -0.100775 -0.162972 -0.175531
-0.062256 -0.070496 -19.845886 -0.026004 0.145931 -0.241735
-0.064087 -0.108948 -19.806824 -0.202244 0.028528 -0.035534
-0.022278 -0.090027 -19.883118 0.211307 0.053812 0.013173
-0.004272 -0.128479 -19.843443 0.089985 0.029610 -0.010867
0.018921 -0.090332 -19.940489 -0.009495 0.077683 0.058431
0.038452 -0.050659 -19.901428 0.042303 0.171919 -0.056120
0.016479 -0.088806 -19.823914 -0.065135 0.103699 0.312874
0.037231 -0.089417 -19.881592 -0.031793 -0.208580 -0.013712
0.056763 -0.049133 -19.822998 0.093230 -0.161834 -0.128290
0.013123 -0.106506 -19.687807 0.089997 -0.017978 -0.011315
-0.024719 -0.088501 -19.766846 -0.105613 -0.208480 0.009013
-0.061646 0.008240 -19.787901 0.018725 -0.090131 -0.081778
-0.045166 -0.108337 -19.767456 -0.179557 -0.065609 0.033025
-0.063477 -0.089417 -19.806824 -0.174607 -0.043477 -0.151850
-0.023193 -0.089417 -19.844360 -0.104378 -0.208945 -0.037273
0.018311 0.028687 -19.786072 0.261216 0.148634 -0.032002
-0.021667 -0.050659 -19.863892 -0.006963 -0.042182 -0.035222
0.039368 -0.011597 -19.901735 0.162017 -0.136504 0.034261
0.035095 -0.088196 -19.784546 0.017399 -0.018346 -0.034883
-0.022278 -0.050354 -19.844666 -0.080079 -0.137502 -0.036509
-0.144958 -0.089111 -19.711304 -0.154476 -0.276351 0.077940
-0.100403 -0.031738 -19.866028 -0.150203 -0.206420 -0.083366
0.096130 -0.068359 -19.822083 -0.191920 -0.494415 -0.340736
-0.022583 -0.089722 -19.863586 0.046794 0.507071 -0.168358
-0.281372 -0.072327 -19.793396 0.094167 0.007924 -0.103220
-0.616150 -0.057678 -19.879759 0.167024 -0.127424 -1.908828
-0.453796 0.180054 -19.780273 0.099237 -0.630131 -4.829194
0.036926 0.732727 -19.848631 0.461198 -0.043653 -11.069192
-0.043335 -0.029602 -19.748230 0.586924 -0.189436 -16.669285
-1.146545 0.556030 -20.365000 -0.274887 -0.060839 -15.469709
-2.585450 1.309814 -19.864502 0.556645 -1.843973 -12.774095
-0.956116 0.543823 -19.990540 0.105280 0.177432 -26.016500
-1.111450 0.618896 -20.072639 0.445529 0.914171 -31.445438
0.520935 0.288391 -19.832458 0.261179 -1.026189 -35.443859
-1.166687 0.091858 -19.934692 -0.051071 -0.686974 -34.725220
1.109314 0.318909 -19.525146 0.071416 -0.568898 -37.476940
-0.109863 0.219421 -20.063181 -0.335941 0.951696 -35.059021
-0.826416 0.133667 -20.022881 -0.496499 1.820146 -36.370899
1.504517 0.144958 -19.649658 -0.155338 0.304376 -40.871601
0.291138 0.260925 -20.227360 -0.105764 1.273324 -36.373703
1.426392 0.044250 -19.826050 -0.332351 0.032105 -31.527481
-0.467834 1.078186 -19.961855 0.547038 -0.187502 -27.012638
1.380005 -0.428467 -20.057381 -1.354902 -1.024361 -29.761120
-0.055847 0.143738 -19.905396 0.079354 -0.597714 -22.298759
0.226746 -0.041809 -19.429932 0.065459 -0.656036 -20.864799
0.369568 0.440979 -19.992979 -0.395057 -0.268816 -20.077141
0.557556 -0.007629 -20.062859 -0.110682 0.512298 -17.962889
0.306702 -0.358582 -19.795229 -0.211947 -0.001838 -16.903749
1.000977 -0.550842 -20.085758 0.101580 -0.610542 -15.843182
-0.121765 0.670776 -19.930113 0.089532 -0.279675 -10.842388
0.074463 -0.146790 -19.841309 0.168299 -0.551319 -11.955056
0.099792 -0.190125 -20.151360 -0.333977 -0.284531 -8.692930
0.678406 -0.431213 -19.687193 -0.163667 -0.013240 -5.033678
0.111084 -0.243835 -19.801027 0.053035 -0.065675 -0.359030
-0.238647 0.025635 -19.831541 -0.251581 0.009209 0.079587
-0.160522 0.086975 -19.693604 -0.227369 0.746804 0.063273
0.116882 -0.187988 -20.014961 -0.471090 1.769388 0.024929
0.141602 0.067749 -19.938051 0.123351 -0.088683 -0.266290
0.058594 0.009155 -19.842834 0.136478 0.557464 0.132991
0.020752 0.047302 -19.863586 -0.051999 -0.087585 -0.105290
0.061035 0.107117 -19.843443 -0.151448 -0.015424 -0.035952
-0.041809 0.028381 -19.768372 -0.055808 0.009132 0.034214
-0.003357 -0.009766 -19.747314 -0.075284 0.031196 -0.150803
-0.002441 0.009460 -19.766846 0.115907 0.246927 -0.008955
0.039368 0.048218 -19.824217 -0.100948 -0.039898 -0.105316
-0.061340 0.068054 -19.729919 -0.153618 0.127860 0.034737
-0.020447 -0.031433 -19.902954 0.359242 0.104610 0.014239
-0.040894 0.028076 -19.807127 -0.052721 -0.206308 -0.083422
-0.061340 0.027771 -19.788208 0.112904 -0.037794 0.104125
-0.022583 0.009460 -19.747923 -0.156020 -0.085633 0.125337
0.038452 0.048523 -19.785461 0.116702 -0.158094 -0.035782
-0.042114 -0.030212 -19.806519 -0.056214 0.151657 0.035482
-0.061951 0.028381 -19.749449 0.047094 -0.016677 -0.173717
-0.101013 0.087280 -19.711607 -0.273165 0.031455 -0.059375
-0.062866 0.009155 -19.729614 0.140256 0.032493 -0.010796
0.039673 0.008240 -19.882202 -0.079197 -0.086878 -0.013095
-0.103149 -0.050354 -19.769289 -0.129293 -0.015127 0.033546
0.019531 0.048218 -19.805605 -0.034189 -0.037936 0.126423
0.075684 -0.087891 -19.822083 -0.029865 0.008191 -0.035107
-0.001220 0.028687 -19.805908 0.043323 0.008297 -0.034699
0.020142 0.047607 -19.844360 0.067113 0.127814 -0.010425
0.000000 0.027771 -19.863892 0.038574 -0.108804 0.149239
-0.117798 0.005798 -19.925539 0.040313 0.009571 0.080905
-0.021667 -0.010986 -19.825439 -0.075941 -0.135303 -0.129306
-0.020752 0.028076 -19.825743 -0.050475 0.054717 -0.173714
-0.021362 0.008850 -19.806215 -0.027306 0.031361 -0.127528
-0.020752 -0.011597 -19.864195 0.065440 -0.133426 0.056591
0.019836 0.008240 -19.863283 0.018916 0.103681 -0.034066
-0.061646 0.068359 -19.710388 -0.034699 -0.061334 0.149242
0.038452 -0.030212 -19.862366 -0.080307 -0.157664 0.032418
-0.019836 0.027466 -19.864502 -0.102320 -0.063331 -0.059400
0.059814 0.028076 -19.881895 0.043886 0.103495 -0.057076
0.019531 0.048218 -19.805605 -0.007287 -0.014737 0.034113
-0.099487 0.007019 -19.866335 -0.129296 0.032678 0.033861
0.041199 0.086670 -19.863283 -0.027408 0.078940 -0.127120
0.017700 0.009460 -19.766541 -0.080995 -0.109869 0.055969
-0.040588 0.027771 -19.826353 -0.102852 -0.182130 -0.037361
-0.064087 -0.089417 -19.787292 0.021491 -0.063774 -0.128151
-0.119934 0.046692 -19.789734 0.164047 0.032899 0.012344
-0.040894 0.028076 -19.807127 -0.124910 -0.040219 -0.128753
-0.041809 0.008545 -19.787292 -0.080404 0.032948 0.034287
-0.021973 0.008850 -19.786682 0.037799 0.082000 0.174217
0.019226 -0.030823 -19.882509 0.121101 -0.159232 -0.197723
0.036621 -0.049133 -19.804382 0.020399 0.008457 -0.080520
-0.079346 0.046997 -19.827271 -0.004605 -0.038968 -0.057955
0.040894 0.007629 -19.940489 -0.146674 0.006948 -0.220293
-0.021362 0.048218 -19.767763 -0.079364 -0.204896 0.010621
0.018616 -0.010986 -19.844057 0.041761 0.033499 0.036589
-0.063782 -0.029602 -19.729311 -0.225104 -0.086235 -0.011055
-0.002136 -0.010376 -19.805605 -0.056206 -0.085375 0.059302
-0.020447 0.047913 -19.806519 0.067425 0.128387 -0.007493
-0.021057 0.008545 -19.825439 -0.029729 -0.204926 -0.010162
0.033569 -0.027161 -19.629515 -0.054416 0.128234 -0.007279
-0.001220 0.048218 -19.786375 -0.051857 0.032197 -0.100695
0.015564 -0.088501 -19.785156 -0.053437 -0.157541 -0.032424
0.000306 0.007629 -19.902647 -0.078075 0.128027 -0.029977
-0.022278 0.028992 -19.748230 -0.156315 0.224787 0.155573
0.039673 0.068359 -19.804991 -0.029316 0.270954 -0.026957
0.099792 0.048218 -19.861450 -0.054886 0.176124 0.018315
0.039673 0.047913 -19.843750 -0.127938 0.033216 0.016608
0.058899 0.048828 -19.804382 -0.224727 -0.038495 -0.006191
0.097046 0.029907 -19.764709 -0.150829 -0.157595 -0.030003
-0.060120 0.027161 -19.846497 -0.128444 0.009686 0.041048
-0.003967 -0.009460 -19.727785 -0.032550 -0.060930 0.111780
-0.023804 -0.049438 -19.767149 -0.052101 0.080160 -0.072152
-0.021057 0.008545 -19.825439 0.115547 0.081467 0.044471
0.137634 0.049744 -19.782713 0.140075 0.081505 0.045835
0.075684 0.031128 -19.686890 -0.150587 -0.157573 -0.027358
0.061646 0.046997 -19.940186 0.239211 -0.085423 -0.000155
0.017090 0.029602 -19.727785 0.065756 0.153167 0.093597
0.094910 -0.027771 -19.725035 -0.052167 -0.229076 -0.049360
0.037537 0.029297 -19.766237 0.023268 0.032015 -0.139127
0.058594 0.009155 -19.842834 -0.076711 0.222974 -0.044506
-0.059509 0.026855 -19.865721 -0.147583 -0.301393 -0.119067
0.031738 -0.165405 -19.706419 0.266611 -0.871693 -0.075018
-0.079956 -0.031738 -19.884947 0.889206 -1.033354 0.366585
-0.085754 -0.206909 -19.806519 1.039224 -1.676791 0.245888
-0.889282 0.214539 -19.772644 1.349511 -2.054782 0.522462
-0.605774 -0.382080 -20.752260 2.714068 -2.869482 -0.310334
-1.493530 -0.958557 -20.674740 7.717516 -7.034866 -1.199620
-0.533142 -1.742554 -20.118721 15.154070 -5.443792 -0.148385
-0.651855 -2.287902 -19.826353 21.975279 -4.501402 2.929124
-0.500488 -4.224244 -19.847412 25.193081 -4.924014 3.035696
-2.132264 -4.338378 -19.696043 26.991539 -3.729312 3.264762
-1.394958 -5.936584 -19.820862 31.887199 -1.450633 4.423244
-3.631286 -6.701050 -18.086855 40.126900 1.189386 5.511020
-2.924804 -9.002990 -16.652525 39.418419 -1.097350 0.141393
-2.791442 -10.343934 -16.056215 37.318619 -2.362802 -5.226696
-1.765747 -12.451478 -13.565063 40.507320 -4.030290 -8.556050
-1.314087 -13.948669 -13.211670 41.348000 -1.145534 -8.131858
-1.015320 -15.206910 -10.979004 39.057220 -4.829620 -7.229338
-1.425476 -16.310120 -9.737854 34.158741 -5.321922 -5.595034
-0.781250 -17.709045 -8.078308 31.800859 -3.916292 -5.040044
-0.471802 -18.172302 -6.375732 30.535919 1.958528 -2.587372
-0.738525 -18.521118 -4.475708 24.992039 1.715167 0.364488
-1.173706 -18.817751 -5.787354 18.732882 6.429790 1.668272
-1.804810 -19.020081 -4.306336 17.584259 1.788952 1.851159
-0.648193 -19.615784 -1.568909 16.144201 1.603991 0.059849
-1.758728 -19.056702 -5.587464 7.275052 1.737918 0.544019
-1.309509 -19.472961 -1.995544 10.178732 0.028038 -2.162566
-1.363525 -19.290771 -2.990112 12.549468 1.862262 -2.364148
-0.664368 -19.704897 -0.907898 13.397486 0.886388 -2.921076
-1.097107 -19.446716 -1.718445 10.497056 -0.649024 -1.169464
-0.802612 -19.587402 -0.795898 14.109766 0.489566 -2.180312
0.581360 -19.750063 1.962891 15.495110 0.612382 -1.986406
-0.639648 -19.689333 1.677246 6.685380 0.403278 2.659880
-0.599365 -19.880676 0.513611 3.842406 0.537919 2.228828
-1.568604 -19.336548 1.027832 3.634586 1.786471 0.850705
-0.046082 -19.947813 2.355958 2.983996 0.647989 -1.245680
-1.076050 -19.667055 0.790405 -2.768684 -0.059638 0.405056
-0.432434 -19.911804 0.984802 -2.667884 0.264257 -0.632610
-0.830078 -19.649658 0.428162 -2.351222 -0.297834 0.312636
-0.508423 -19.855345 0.904541 -0.420351 0.155862 0.165547
-1.247253 -19.594423 0.513916 -1.118421 -0.220765 0.736655
-0.605164 -19.777525 0.901184 0.490046 0.074832 -1.033147
-0.733948 -19.706116 0.508728 -0.467124 0.051695 -0.807401
-0.661011 -19.860840 0.609131 -0.414460 0.082513 -0.043318
-0.776062 -19.864502 0.431213 -0.339699 -0.028611 0.812166
-1.011963 -19.649658 0.578613 0.139985 -0.152332 0.212128
-0.799866 -19.862061 0.624695 -0.232560 0.198003 -0.457724
-0.694275 -19.705507 0.509949 -0.101672 -0.090339 -0.783542
-0.430908 -19.853516 0.964966 0.626369 0.125625 -0.637775
-0.891418 -19.729004 0.426941 -0.556318 -0.197023 0.717781
-0.431519 -19.852907 1.004028 0.490758 0.153829 -0.129248
-0.811157 -19.668884 0.447998 -0.520324 0.108451 0.281130
-0.780029 -19.861757 0.625305 -0.684219 0.058287 0.025257
-0.791321 -19.688719 0.410156 -1.165892 0.103040 -0.208367
-0.888977 -19.670717 0.387573 -0.769260 -0.088860 -0.439273
-0.672607 -19.866028 0.220032 -0.432909 0.103743 -0.250542
-0.656128 -19.725035 0.530701 0.951312 -0.011026 -0.012565
-0.644226 -19.778139 0.880737 0.581559 0.156268 0.125704
-0.918884 -19.863283 0.621643 -0.837340 0.012734 0.278471
-0.809631 -19.709471 0.331726 -1.874925 -0.087855 -0.144628
-0.752869 -19.866335 0.256958 -1.519352 0.098280 -0.673121
-0.607910 -19.868774 -0.030518 -1.085948 0.148432 -0.462024
-0.629883 -19.867554 0.085449 -0.210774 -0.087169 -0.343645
-0.495911 -19.863283 0.302429 1.097008 -0.058208 0.010934
-0.798645 -19.862976 0.566711 1.091046 0.348281 0.222799
-0.867615 -19.710999 0.252380 -0.390348 0.034475 -0.019602
-0.592346 -19.865721 0.183411 -1.147205 0.128714 0.000200
-0.513611 -19.864502 0.205078 -0.835613 -0.011725 0.208887
-0.683289 -19.732973 -0.052795 0.502940 0.062134 0.333600
-0.886841 -19.711607 0.232544 1.986531 0.042085 0.503593
-0.887756 -19.651491 0.348816 2.123404 0.013475 -0.051184
-0.668945 -19.875488 0.978088 1.784751 0.297507 -0.166131
-0.892029 -19.708252 0.485229 -0.435299 0.278645 0.746847
-0.583191 -19.859007 0.688782 -0.804814 -0.062052 -0.021810
-1.135559 -19.720154 -0.201416 -2.158232 0.106433 0.411745
-0.577087 -19.862976 0.397644 -0.738204 0.122377 -0.690745
-0.859070 -19.696657 -0.135498 -1.486456 -0.158735 -0.072773
-0.636902 -19.863283 0.415649 0.318403 -0.060739 -0.061844
-1.004639 -19.873045 -0.021667 -0.011832 0.062147 0.423280
-0.673218 -19.746094 0.393982 0.613432 0.057874 -0.151667
-0.885925 -19.692381 0.213013 -0.082057 0.227587 0.308726
-0.578308 -19.862061 0.455933 0.278676 0.197853 -0.406746
-0.591736 -19.746397 0.298767 -0.761165 0.010410 0.165038
-0.731812 -19.866945 0.218506 -0.690043 0.225352 0.236765
-1.014099 -19.680786 -0.276184 -0.275414 0.249793 0.239283
-0.591736 -19.866028 0.164185 0.964808 -0.041523 -0.542751
-0.827942 -19.710388 0.253601 1.080639 -0.158257 -0.311790
-0.503845 -19.858095 0.690918 0.865244 0.077947 -0.472805
-0.725708 -19.671936 0.158997 -0.784745 -0.086591 0.095211
-0.811157 -19.867857 0.216370 -0.651684 -0.042550 -0.320138
-0.957947 -19.698183 -0.157776 -1.104402 -0.038649 0.186404
-0.634766 -19.864502 0.318298 0.400309 -0.112455 -0.406803
-0.790405 -19.748537 0.313110 -0.077450 -0.060784 0.123155
-0.762329 -19.713747 -0.036011 -0.170862 0.151813 -0.037401
-0.573425 -19.865112 0.222778 0.615713 0.413562 -0.238374
-0.824890 -19.752199 0.060120 0.437227 0.011391 0.057753
-0.635681 -19.863892 0.357361 1.590687 0.035331 -0.166399
-0.640259 -19.780884 0.686646 1.246264 -0.154561 -0.054356
-0.558777 -19.901428 0.417786 0.023508 -0.060205 0.055396
-1.119080 -19.718018 -0.045471 -1.362703 -0.031328 0.812065
-0.689392 -19.708862 0.276794 0.105366 0.151506 -0.265524
-0.783691 -19.733276 0.002747 -0.194732 0.058351 0.009604
-0.543518 -19.858398 0.690002 0.478300 0.031238 -0.495233
-0.629272 -19.708559 0.239563 -0.415886 -0.012310 0.100968
-0.538635 -19.861450 0.457153 -0.128358 0.227820 0.289844
-0.661316 -19.860533 0.628357 -1.264495 0.183636 0.839162
-1.245422 -19.655153 0.378113 -3.202638 -0.014168 0.340714
-0.859070 -19.703674 0.796509 -5.334414 -0.054451 -1.129090
-0.556946 -19.862669 0.379028 -9.182334 -0.228855 -1.359509
-0.564575 -19.644777 -0.867004 -12.876578 -0.349802 -0.964660
-0.433044 -19.485474 -2.225036 -15.964732 -0.658962 -0.429305
-0.318298 -19.494324 -2.980042 -13.540906 0.109896 0.123713
-0.457153 -19.455872 -2.925720 -12.266600 0.022935 0.824143
-0.796814 -19.232481 -3.461304 -13.334790 0.075376 1.535971
-1.127625 -19.093935 -4.540406 -15.750547 0.309870 1.547835
-0.721130 -18.797911 -4.686890 -17.490566 0.578964 0.013492
-0.974731 -18.291933 -6.155090 -22.269100 -0.904479 -0.072771
-0.834656 -17.899780 -7.650756 -25.277040 -3.127630 -0.664954
-0.650330 -17.198486 -8.039550 -26.344940 -1.290755 -0.006341
-1.034851 -16.699524 -9.899901 -30.510380 -2.496162 1.602412
-1.041870 -15.176086 -11.563110 -31.893520 0.743420 2.156314
-1.612854 -14.176940 -12.460328 -33.208179 0.645344 2.055570
-1.487732 -12.945862 -14.156494 -36.141220 1.173579 0.424409
-0.948181 -12.013854 -15.159302 -35.460140 1.491931 -1.327437
-0.756836 -10.587769 -16.952209 -36.049858 -0.744164 -1.119622
-0.711975 -8.680726 -17.800291 -32.817883 0.328369 1.152452
-0.810852 -7.753602 -18.606569 -32.039360 -0.637054 2.166094
-1.121826 -6.216126 -19.014589 -27.952440 1.221597 4.380638
-1.843872 -4.806214 -19.801939 -26.773560 1.030644 4.108936
-0.982971 -4.138794 -20.366220 -24.393860 1.147809 0.883858
-1.316833 -3.388978 -19.642334 -19.073503 0.718600 -0.085462
-0.495300 -2.642822 -20.149839 -16.525372 0.869732 0.415950
-1.171570 -1.608276 -19.786989 -15.439470 1.097754 1.766063
-0.434570 -1.535645 -20.798038 -14.310002 1.882207 1.478652
-0.890198 -0.725708 -19.882509 -9.298096 1.720470 3.818822
-1.289368 -0.191650 -19.138794 -6.053218 2.906716 2.875792
-0.657959 -0.155945 -19.899902 -3.070066 3.050712 -0.114319
0.871887 -0.511475 -21.430960 -3.669742 6.256698 -6.035110
-0.265808 -0.168457 -19.694824 -0.861330 1.146115 -0.559027
-0.008850 -0.283813 -19.803772 -0.840128 1.218597 -0.442562
-0.224304 0.009460 -19.578249 -1.081865 1.947748 1.274934
-0.023804 -0.088806 -19.805605 -0.220668 0.248929 0.130556
0.036621 -0.009766 -19.765930 -0.024243 0.105998 0.084083
-0.020752 -0.031128 -19.883421 -0.071904 0.057896 0.037116
0.035706 -0.048828 -19.765623 -0.190162 -0.038746 -0.103244
0.038452 -0.030212 -19.862366 0.097984 0.153583 0.062047
0.037537 -0.029602 -19.823608 -0.016488 0.055689 -0.217129
-0.023193 -0.069275 -19.805908 -0.025728 -0.060191 0.128838
0.018616 -0.010986 -19.844057 -0.192793 -0.230341 -0.035150
0.115967 -0.028381 -19.782713 0.149484 0.269587 -0.074996
-0.040588 0.007935 -19.845583 -0.071257 0.174463 -0.030814
0.038757 0.008850 -19.843443 0.052822 -0.135393 -0.102345
0.017090 0.029602 -19.727785 0.048346 -0.014935 0.060686
-0.023499 -0.049744 -19.786375 0.118938 0.057410 0.154289
0.000610 -0.012207 -19.941406 0.027576 0.031357 -0.077842
0.035400 -0.028381 -19.726562 0.120170 0.009357 0.107585
0.036926 -0.049438 -19.823608 0.023916 -0.110210 0.059681
0.038147 0.009460 -19.804688 0.170048 0.128021 0.062650
0.058594 0.028992 -19.823608 0.000031 -0.015263 0.037274
-0.039978 -0.012512 -19.903870 -0.023797 0.032097 0.014425
0.018005 -0.010376 -19.805298 0.120085 0.009346 0.107570
0.077209 0.010071 -19.783936 -0.142770 0.126065 -0.101077
0.037537 0.069580 -19.707642 -0.049401 -0.062721 0.059688
0.016174 -0.088501 -19.804688 -0.094650 0.126349 -0.077680
-0.021362 0.008850 -19.806215 -0.047450 -0.182363 -0.010806
0.021057 0.046997 -19.883118 -0.026971 0.033140 0.130088
0.099487 0.028381 -19.880981 -0.066348 -0.112869 -0.218534
-0.020447 -0.011902 -19.883728 -0.145808 -0.039483 0.013077
-0.002441 -0.089722 -19.882509 -0.000924 0.222968 0.062529
0.016174 -0.049133 -19.766237 0.078252 -0.087555 -0.123736
-0.021973 0.028687 -19.767763 -0.119329 -0.158428 -0.032931
0.062561 0.006409 -20.036919 -0.091969 -0.016640 -0.147182
0.096436 -0.009460 -19.783630 0.050027 -0.014948 0.015586
0.035400 -0.008850 -19.707336 0.123055 0.151768 0.017501
-0.002136 -0.010376 -19.805605 -0.287697 -0.088128 -0.125785
0.037842 0.069275 -19.727171 0.023162 -0.037953 0.107771
-0.061035 0.008240 -19.807434 -0.046351 -0.039325 -0.031456
0.055542 -0.008850 -19.726259 -0.092307 0.268959 -0.144607
-0.001832 -0.050354 -19.863283 -0.020829 0.079294 -0.076529
-0.002441 -0.029602 -19.805298 0.000442 0.104183 0.039512
0.058289 0.009460 -19.823305 -0.070805 0.032022 -0.030963
-0.023499 -0.049744 -19.786375 -0.048833 -0.038513 0.061072
0.039673 0.068359 -19.804991 0.051207 -0.015409 -0.030718
0.076599 0.050354 -19.706419 -0.025269 0.175923 0.086276
0.057678 0.069580 -19.726562 -0.026362 0.009750 0.131041
0.096741 -0.049133 -19.841614 -0.071518 0.103610 -0.007190
0.058594 -0.010681 -19.862061 -0.097712 0.032781 0.061431
0.041199 0.027161 -19.940796 0.175022 -0.039657 -0.099677
0.097046 -0.009460 -19.803162 -0.045632 -0.182388 -0.055924
0.039062 0.028381 -19.843750 0.094612 -0.107941 0.201244
0.000306 0.007629 -19.902647 0.023780 0.033933 0.109585
0.037231 0.029602 -19.746704 0.049268 0.200165 0.064958
0.038757 0.008850 -19.843443 -0.017759 0.127082 -0.143625
0.057373 -0.009766 -19.804079 -0.024505 0.010378 0.109798
0.038757 0.008850 -19.843443 0.026781 0.105245 0.042073
-0.020447 0.027771 -19.845276 -0.045676 -0.014079 0.017446
0.099792 0.087891 -19.822998 -0.043213 0.008878 -0.074888
0.038757 0.028687 -19.824217 0.148541 0.272375 0.067771
0.018616 -0.010986 -19.844057 0.076229 -0.013568 0.041637
-0.002747 -0.069580 -19.844057 -0.017479 -0.181573 -0.099241
0.095215 -0.087585 -19.802553 -0.017721 -0.086081 -0.074919
-0.000916 -0.011292 -19.863586 -0.067184 -0.014535 -0.051406
-0.004883 -0.048523 -19.727478 -0.042204 0.009092 -0.074194
0.056763 0.010376 -19.745789 -0.115555 -0.062155 -0.051862
0.117188 -0.028992 -19.841003 0.030715 0.033286 -0.050188
-0.270081 0.218506 -19.989317 0.305206 1.434532 -3.043930
0.132751 -0.025940 -19.626770 0.801405 1.432540 -3.341836
0.326538 -0.140381 -19.562685 0.132310 2.126038 -0.238719
0.574646 -0.025024 -19.925842 -0.688386 4.509472 0.287391
0.712280 -0.003357 -19.864195 -0.152148 5.343300 0.298061
0.930481 0.018921 -19.838869 -0.292729 5.840814 0.070417
1.422729 -0.072327 -19.786375 0.069746 10.458494 0.091187
2.471924 -0.059814 -19.700319 0.309780 20.326321 -0.905435
3.681336 -0.105591 -19.764404 0.877786 25.107380 -1.275382
5.835876 -0.401917 -18.868715 2.872556 35.359200 -2.212504
6.892396 0.043030 -18.649292 2.510050 46.103119 -6.235638
10.684204 -1.098022 -16.459656 4.938126 46.894943 -8.551949
12.408752 0.081177 -16.033327 4.958936 41.312881 -7.376160
13.171386 -0.128784 -14.845276 1.269608 32.997841 -5.158272
15.026550 -0.089111 -13.473816 -2.088878 34.950260 -1.873553
14.985962 0.221558 -12.135926 -2.609490 20.905701 -2.142726
16.145323 0.744934 -11.991882 -3.057072 24.706659 -2.828008
17.096252 0.265198 -10.660400 -2.850154 36.229218 2.830884
17.836607 0.010376 -8.442382 -1.305442 35.657860 2.556614
17.784424 -0.094604 -8.929138 -5.693312 30.447500 3.456786
19.538881 -0.036926 -4.645080 -0.612760 49.138496 0.970563
20.007320 0.184937 -3.098754 -1.958500 45.330803 1.206190
20.130320 -0.036011 -0.760803 1.170124 43.096882 1.041307
20.137020 0.283508 1.180115 -0.446129 36.616379 0.510764
19.593813 0.195923 2.371520 -0.618061 28.937281 1.642772
19.504395 -0.043945 3.537292 0.235858 15.796138 1.042343
19.757690 0.624084 3.558654 3.066440 -3.465450 -0.343074
19.691469 -0.007629 3.153076 -0.047148 -1.180774 0.169422
19.920044 0.067444 2.750550 -0.025681 -2.821386 0.316596
19.857788 -0.050659 2.749938 -0.037793 -2.706566 -0.145206
20.023201 0.026245 2.500916 -0.038123 -2.373260 -0.142210
19.926451 0.063477 2.439576 -0.122582 0.533298 0.207588
19.820862 0.007019 2.670594 0.123095 2.055892 0.107057
19.940796 -0.032349 2.577210 0.117481 1.367777 0.332154
19.898985 -0.031433 2.673034 -0.087085 -0.874167 -0.175244
19.842531 -0.014038 2.554626 0.005184 -0.491522 0.013850
19.917908 -0.070190 2.692872 0.027337 -0.062440 0.087262
19.881285 -0.032959 2.594604 -0.293052 -0.585261 0.219551
19.981384 -0.032349 2.539062 -0.001530 -0.655801 0.266804
19.904787 0.024719 2.478028 0.017097 -0.439692 0.477103
19.843140 -0.034790 2.496644 -0.069343 0.294008 0.043647
19.844057 0.024719 2.534790 0.123987 0.223524 0.113489
19.844057 0.024719 2.534790 0.123987 0.223524 0.113489
19.979555 -0.010986 2.655334 0.028929 0.888752 0.003298
19.882812 0.006104 2.555542 0.006094 -0.279708 -0.031102
19.921877 -0.072937 2.498780 0.054421 -0.469860 -0.009437
19.924622 -0.014648 2.440186 -0.117318 -0.065312 0.016409
19.843140 -0.014343 2.535096 0.055745 0.124509 -0.073469
19.902647 -0.013428 2.536622 -0.049713 -0.087154 0.224821
19.821165 -0.072632 2.573852 0.076648 0.553984 0.046235
19.859314 -0.130920 2.575684 -0.098226 0.293370 0.204865
19.901125 -0.072327 2.536926 0.150805 -0.564525 0.036500
19.840698 -0.112305 2.535706 0.172241 -0.040030 0.133923
19.925232 0.024414 2.459412 -0.088787 -0.590164 -0.127045
19.822388 -0.073547 2.515258 -0.069585 -0.326665 0.060535
19.885254 0.024414 2.477416 0.073839 0.887984 0.141764
19.919128 -0.110779 2.596130 -0.067697 -0.374936 -0.009322
19.784546 -0.094910 2.417908 -0.723942 -0.971561 -0.087810
19.926147 -0.075378 2.304382 -0.606456 -2.230938 0.109664
19.867249 -0.096436 2.245178 -0.244464 -0.611111 0.218909
19.884947 -0.094604 2.361756 0.027788 1.267664 0.029234
19.904173 -0.074463 2.381592 0.173337 1.482297 0.055126
19.923706 -0.133667 2.343750 0.201201 1.052870 -0.064316
19.766237 -0.076599 2.358398 -0.139568 0.195487 -0.073990
19.943848 -0.054016 2.421876 0.076749 0.339665 0.044214
19.885864 -0.075378 2.322692 -0.047467 -0.066317 0.131846
19.945068 -0.054932 2.363282 0.102051 0.575259 -0.000338
19.925539 0.004578 2.420960 0.127797 0.432070 -0.047772
20.024418 -0.073853 2.326660 0.053002 0.146969 0.018625
19.904173 -0.114136 2.342834 0.194186 0.386834 0.206682
19.983521 -0.053406 2.422790 0.053026 0.813136 0.001530
19.822998 -0.133362 2.419128 -0.046059 0.408976 0.066713
19.884644 -0.054626 2.420044 0.095976 0.386857 0.229261
19.941406 -0.112305 2.460938 -0.017248 0.312306 -0.095985
19.842834 -0.153809 2.380676 0.154002 -0.258683 -0.100206
19.924316 -0.074463 2.382202 -0.068858 -0.019999 0.016415
19.920654 -0.072021 2.557068 0.153529 0.264881 -0.095443
19.980467 -0.091248 2.519836 0.028778 0.598720 -0.000552
19.883728 -0.113831 2.381286 0.108401 0.190192 -0.235728
19.878847 -0.110779 2.614440 0.027627 0.359162 0.043017
19.843140 -0.014343 2.535096 0.057620 0.331987 -0.165610
19.841917 -0.033875 2.554932 0.053892 0.333221 -0.026816
19.962769 -0.013123 2.518616 0.153811 -0.214684 -0.100657
19.923399 -0.014038 2.498474 -0.043753 -0.240150 -0.009765
19.943239 0.005798 2.499084 0.195558 0.071078 0.156346
19.941711 -0.032959 2.538146 -0.095244 -0.001426 0.084659
19.978029 -0.129395 2.578736 -0.045616 -0.884451 0.076605
19.924622 -0.014648 2.440186 -0.137665 -0.125072 -0.148374
19.865112 -0.035400 2.419738 -0.043128 -0.909121 -0.016135
19.902954 -0.073547 2.439880 0.082039 -0.983832 -0.132049
20.084219 0.006104 2.405700 0.036423 -1.770144 -0.231993
19.968262 -0.016785 2.247010 -0.143468 -1.267672 0.095490
20.046999 -0.174866 2.075196 -0.287488 -0.389955 -0.013234
19.911501 -0.039673 2.070922 -0.219469 -0.174005 0.174214
19.888609 -0.057373 2.225646 0.058482 0.156236 -0.191450
19.927675 -0.076599 2.226868 -0.143852 0.488270 0.064863
19.931946 0.040588 2.167968 -0.033933 0.555635 -0.396684
19.888000 -0.057068 2.245178 0.174848 0.083705 0.016666
19.966429 -0.075378 2.266540 0.220604 1.271628 0.097056
19.869080 0.001832 2.263794 -0.017181 -0.087058 -0.101695
19.906616 0.023499 2.380982 0.031991 0.174604 -0.122185
19.926451 -0.095520 2.265930 0.181583 -0.874088 -0.223460
19.990540 0.041809 2.188720 -0.260476 -1.016537 -0.111512
19.850157 0.000610 2.204896 -0.107926 -2.422226 -0.308558
19.929810 -0.038147 2.168580 -0.816163 -4.471156 -0.238501
20.000919 -0.004883 1.645203 -2.762494 -7.497636 -0.369328
19.901735 -0.038757 0.690613 -4.173726 -10.928316 -0.431384
20.038759 0.090332 -0.025635 -3.996808 -12.310143 -0.628058
20.087900 -0.074768 -0.664368 -0.281092 -16.891083 0.114553
19.727171 0.090027 -1.238708 -0.200021 -19.534737 -0.117240
19.776613 -0.206909 -2.965698 0.332796 -25.298941 -0.745052
19.880373 0.123291 -4.675598 0.050616 -28.134401 -1.073140
19.065247 -0.036316 -5.668334 0.387761 -27.886240 -0.004667
18.675232 0.200195 -6.671752 0.611854 -31.670639 -0.084048
17.902222 0.185547 -8.539428 -0.111743 -37.257839 0.647924
17.629091 -0.236511 -12.042542 -1.041034 -34.593578 0.666946
16.372070 0.092468 -11.261902 0.200386 -13.914002 0.283038
16.021118 0.025024 -11.640320 0.658626 -14.316024 0.490182
15.580750 0.069275 -12.313538 0.122210 -19.551567 0.601653
14.654542 -0.036926 -13.639526 -0.859832 -24.381102 0.945725
13.817750 -0.056458 -14.400330 -0.303175 -23.863522 0.189943
12.506408 -0.102539 -15.251770 -0.370733 -28.148401 0.081268
11.170350 0.060120 -16.571657 -0.129388 -39.821678 1.364967
9.422912 -0.049744 -17.492369 -0.820043 -46.672779 1.807997
6.720582 -0.248108 -18.340761 -2.283352 -40.410240 2.550950
4.271850 -1.437378 -14.549561 -1.544420 -39.364582 2.263742
3.263244 -0.169067 -19.755861 -1.640044 -46.304939 3.264582
1.535339 0.237427 -20.077200 -0.332023 -32.752918 4.204670
1.108093 0.140686 -19.660034 0.391140 -17.727713 2.355132
0.381470 0.247498 -19.835815 -0.301167 -7.137420 2.447398
0.104675 0.482483 -19.592590 -0.314846 -4.499952 1.985351
0.301208 -0.163879 -18.396606 0.003008 -1.589554 0.069914
3.073426 -0.560303 -22.479561 3.823764 17.516382 -3.669144
0.236511 0.111084 -19.702757 0.369554 -0.304588 0.014058
0.397644 0.071716 -19.853516 0.004045 -0.043618 -0.008732
0.297241 0.130310 -19.740295 0.043511 -0.016660 0.338815
0.260315 0.068970 -19.934998 0.026636 -0.114453 0.060172
0.219421 0.128784 -19.800720 0.224926 -0.162832 -0.054847
0.278931 0.109863 -19.818117 0.076094 -0.138580 0.037138
0.356750 0.072021 -19.796448 0.074581 0.171194 0.086219
0.338745 0.129395 -19.836426 -0.067811 -0.092143 -0.055771
0.256653 0.110779 -19.721680 0.052884 -0.043989 -0.008375
0.396423 0.072632 -19.795532 0.100373 0.027842 0.038823
0.316772 0.051880 -19.797668 0.101765 -0.139219 -0.008958
0.259705 0.108948 -19.857481 -0.020471 0.169993 -0.006825
0.239563 0.128479 -19.839172 0.054090 0.147564 -0.005845
0.260010 0.128174 -19.857788 0.004306 -0.137725 0.037568
0.256958 0.070801 -19.779665 0.081071 0.027726 -0.099334
0.239563 0.088806 -19.877625 0.055017 -0.209707 -0.032224
0.298767 0.109863 -19.837036 0.026096 0.005918 0.131538
0.298767 0.109863 -19.837036 -0.190223 -0.138277 0.013342
0.316162 0.032349 -19.797668 0.081066 0.027690 -0.099339
0.238037 0.090027 -19.800110 0.006096 -0.043198 -0.030985
0.316772 0.071716 -19.778139 -0.017040 -0.067456 -0.077613
0.318909 0.169373 -19.779051 0.034886 -0.092226 -0.193237
0.298157 0.090027 -19.837036 -0.093323 -0.066522 0.037666
0.317993 0.050964 -19.855652 -0.070752 -0.113460 0.106772
0.297546 0.071106 -19.817200 -0.016379 -0.115257 -0.101186
0.295410 0.032043 -19.778442 0.005576 -0.161985 -0.008941
0.319824 0.049744 -19.953001 0.158069 -0.068640 -0.238630
0.198669 0.128479 -19.781801 0.153719 -0.067185 -0.076680
0.257874 0.090027 -19.799500 -0.113954 -0.115415 -0.101738
0.236206 0.051270 -19.761049 0.052820 0.171707 0.040621
0.258484 0.089417 -19.838255 0.005986 0.028211 -0.030363
0.297241 0.071411 -19.797974 0.004337 -0.064471 0.085259
0.276794 0.111084 -19.721071 -0.142071 0.006705 0.085087
0.237122 0.130005 -19.722597 -0.064534 -0.018440 -0.076681
0.337219 0.071411 -19.816284 -0.090580 -0.279655 -0.009781
0.277710 0.110474 -19.760132 0.005368 0.149336 0.040917
0.297852 0.129700 -19.779051 -0.138290 -0.113517 -0.054816
0.257263 0.090027 -19.779968 0.102703 -0.302492 0.060479
0.316772 0.071716 -19.778139 0.152485 -0.017220 0.017073
0.337524 0.071106 -19.835815 -0.013492 0.195066 -0.167034
0.219421 0.109253 -19.819643 -0.092043 -0.064975 0.038421
0.338440 0.030518 -19.932863 0.053474 0.173470 0.064522
0.234680 0.032349 -19.721983 -0.043918 -0.040870 0.062031
0.256653 0.031128 -19.818420 -0.088408 0.005215 -0.099764
0.237122 0.070801 -19.780273 -0.014374 -0.256680 -0.124875
0.260010 0.108643 -19.877014 -0.045162 -0.064232 0.108084
0.155029 0.031738 -19.704283 0.006584 0.101419 -0.005822
0.256958 0.050964 -19.799194 0.061384 -0.376372 -0.218100
0.258484 0.010071 -19.915466 0.056716 0.005923 -0.052688
0.238342 0.070190 -19.838562 0.079348 -0.088603 0.015988
0.258789 0.148926 -19.780273 0.081944 -0.111111 -0.029716
0.279541 0.149231 -19.799194 -0.041963 -0.039269 0.039662
0.335999 0.032043 -19.816284 0.125196 -0.204336 0.177914
0.298157 0.110474 -19.798277 -0.040222 -0.278064 -0.032031
0.414734 0.013733 -19.794615 0.003375 -0.038307 0.155490
0.301208 -0.090332 -20.185240 -0.069201 -0.014856 0.132157
