0 0.000000 0.000000 0.000000 0.000000 0.000000 0.000000 
1 0.000000 0.000000 0.000000 0.000000 0.000000 0.000000 
2 0.000000 0.000000 0.000000 0.000000 0.000000 0.000000 
3 0.000000 0.000000 0.000000 0.000000 0.000000 0.000000 
4 0.000000 0.000000 0.000000 0.000000 0.000000 0.000000 
5 0.000000 0.000000 0.000000 0.000000 0.000000 0.000000 
6 0.000000 0.000000 0.000000 0.000000 0.000000 0.000000 
7 0.000000 0.000000 0.000000 0.000000 0.000000 0.000000 
8 0.000000 0.000000 0.000000 0.000000 0.000000 0.000000 
9 0.000000 0.000000 0.000000 0.000000 0.000000 0.000000 
10 0.000000 0.000000 0.000000 0.000000 0.000000 0.000000 
11 0.000000 0.000000 0.000000 0.000000 0.000000 0.000000 
12 0.000000 0.000000 0.000000 0.000000 0.000000 0.000000 
13 0.000000 0.000000 0.000000 0.000000 0.000000 0.000000 
14 0.000000 0.000000 0.000000 0.000000 0.000000 0.000000 
15 0.000000 0.000000 0.000000 0.000000 0.000000 0.000000 
16 0.000000 0.000000 0.000000 0.000000 0.000000 0.000000 
17 0.000000 0.000000 0.000000 0.000000 0.000000 0.000000 
18 0.000000 0.000000 0.000000 0.000000 0.000000 0.000000 
19 0.000000 0.000000 0.000000 0.000000 0.000000 0.000000 
20 0.000000 0.000000 0.000000 0.000000 0.000000 0.000000 
21 0.000000 0.000000 0.000000 0.000000 0.000000 0.000000 
22 0.000000 0.000000 0.000000 0.000000 0.000000 0.000000 
23 0.000000 0.000000 0.000000 0.000000 0.000000 0.000000 
24 0.000000 0.000000 0.000000 0.000000 0.000000 0.000000 
25 0.000000 0.000000 0.000000 0.000000 0.000000 0.000000 
26 0.000000 0.000000 0.000000 0.000000 0.000000 0.000000 
27 0.000000 0.000000 0.000000 0.000000 0.000000 0.000000 
28 0.000000 0.000000 0.000000 0.000000 0.000000 0.000000 
29 0.000000 0.000000 0.000000 0.000000 0.000000 0.000000 
30 0.000000 0.000000 0.000000 0.000000 0.000000 0.000000 
31 0.000000 0.000000 0.000000 0.000000 0.000000 0.000000 
32 0.000000 0.000000 0.000000 0.000000 0.000000 0.000000 
33 0.000000 0.000000 0.000000 0.000000 0.000000 0.000000 
34 0.000000 0.000000 0.000000 0.000000 0.000000 0.000000 
35 0.000000 0.000000 0.000000 0.000000 0.000000 0.000000 
36 0.000000 0.000000 0.000000 0.000000 0.000000 0.000000 
37 0.000000 0.000000 0.000000 0.000000 0.000000 0.000000 
38 0.000000 0.000000 0.000000 0.000000 0.000000 0.000000 
39 0.000000 0.000000 0.000000 0.000000 0.000000 0.000000 
40 0.000000 0.000000 0.000000 0.000000 0.000000 0.000000 
41 0.000000 0.000000 0.000000 0.000000 0.000000 0.000000 
42 0.000000 0.000000 0.000000 0.000000 0.000000 0.000000 
43 0.000000 0.000000 0.000000 0.000000 0.000000 0.000000 
44 0.000000 0.000000 0.000000 0.000000 0.000000 0.000000 
45 0.000000 0.000000 0.000000 0.000000 0.000000 0.000000 
46 0.000000 0.000000 0.000000 0.000000 0.000000 0.000000 
47 0.000000 0.000000 0.000000 0.000000 0.000000 0.000000 
14 -0.000411 -0.000452 0.000235 0.000158 0.000019 -0.012140 
15 -0.000216 -0.000277 -0.000225 0.000667 0.000112 -0.048534 
16 0.001613 0.002224 -0.000250 0.001590 0.000282 -0.109147 
17 0.001067 0.002162 -0.000370 0.002944 0.000396 -0.193954 
18 0.000267 0.002460 -0.000140 0.004754 0.000371 -0.303028 
19 0.000518 0.000436 -0.000331 0.007093 0.000207 -0.436391 
20 -0.000259 -0.000043 -0.000859 0.010021 -0.000046 -0.593961 
21 -0.001896 -0.001217 0.001088 0.013457 -0.000367 -0.775748 
22 -0.000187 -0.000620 0.001045 0.017537 -0.001078 -0.981751 
23 -0.000406 0.000606 0.004700 0.022105 -0.003486 -1.211935 
24 0.000840 -0.000231 0.010599 0.026880 -0.009203 -1.466313 
25 -0.000159 0.000031 0.006894 0.032144 -0.018500 -1.744909 
26 0.000786 0.001216 0.005812 0.037361 -0.030988 -2.047783 
27 -0.000631 -0.000571 -0.007285 0.041989 -0.046164 -2.374935 
28 0.000239 0.002599 -0.012457 0.046848 -0.062759 -2.726378 
29 -0.002466 0.000681 -0.007052 0.052180 -0.080240 -3.102137 
30 -0.004429 0.002130 -0.004389 0.057986 -0.098324 -3.502150 
31 -0.002277 0.001275 -0.007276 0.065216 -0.115933 -3.926381 
32 -0.002967 -0.000481 0.002596 0.073243 -0.132301 -4.374807 
33 0.001948 -0.003837 -0.000936 0.082355 -0.149242 -4.847499 
34 0.002262 -0.001333 0.019161 0.092864 -0.167713 -5.344481 
35 -0.004574 0.001729 0.010185 0.102184 -0.186637 -5.865670 
36 -0.001627 -0.000264 -0.013244 0.110903 -0.204854 -6.411076 
37 0.000783 -0.001494 0.001565 0.120680 -0.222174 -6.980698 
38 -0.002681 -0.000293 0.003350 0.131995 -0.239797 -7.574500 
39 -0.000502 0.001459 -0.000614 0.143975 -0.257285 -8.192496 
40 0.003371 -0.000568 -0.001655 0.154726 -0.273453 -8.834711 
41 -0.000385 -0.000566 -0.013997 0.165286 -0.287249 -9.501204 
42 0.000438 -0.000733 -0.012837 0.176294 -0.298824 -10.191926 
43 -0.001311 -0.001142 -0.018058 0.187973 -0.307733 -10.906938 
44 0.001127 -0.001567 0.000230 0.200604 -0.313600 -11.646322 
45 -0.001402 -0.000276 -0.007870 0.213805 -0.316742 -12.409986 
46 -0.002419 -0.000936 -0.001750 0.227925 -0.316528 -13.197903 
47 -0.001847 -0.000705 -0.002613 0.242882 -0.313148 -14.010060 
49 0.000000 0.000000 0.000000 0.000000 0.000000 0.000000 
50 0.000000 0.000000 0.000000 0.000000 0.000000 0.000000 
51 0.000000 0.000000 0.000000 0.000000 0.000000 0.000000 
52 0.000000 0.000000 0.000000 0.000000 0.000000 0.000000 
53 0.000000 0.000000 0.000000 0.000000 0.000000 0.000000 
54 0.000000 0.000000 0.000000 0.000000 0.000000 0.000000 
55 0.000000 0.000000 0.000000 0.000000 0.000000 0.000000 
56 0.000000 0.000000 0.000000 0.000000 0.000000 0.000000 
57 0.000000 0.000000 0.000000 0.000000 0.000000 0.000000 
58 0.000000 0.000000 0.000000 0.000000 0.000000 0.000000 
59 0.000000 0.000000 0.000000 0.000000 0.000000 0.000000 
60 0.000000 0.000000 0.000000 0.000000 0.000000 0.000000 
61 0.000000 0.000000 0.000000 0.000000 0.000000 0.000000 
62 0.000000 0.000000 0.000000 0.000000 0.000000 0.000000 
63 0.000000 0.000000 0.000000 0.000000 0.000000 0.000000 
64 0.000000 0.000000 0.000000 0.000000 0.000000 0.000000 
65 0.000000 0.000000 0.000000 0.000000 0.000000 0.000000 
66 0.000000 0.000000 0.000000 0.000000 0.000000 0.000000 
67 0.000000 0.000000 0.000000 0.000000 0.000000 0.000000 
68 0.000000 0.000000 0.000000 0.000000 0.000000 0.000000 
69 0.000000 0.000000 0.000000 0.000000 0.000000 0.000000 
70 0.000000 0.000000 0.000000 0.000000 0.000000 0.000000 
71 0.000000 0.000000 0.000000 0.000000 0.000000 0.000000 
72 0.000000 0.000000 0.000000 0.000000 0.000000 0.000000 
73 0.000000 0.000000 0.000000 0.000000 0.000000 0.000000 
74 0.000000 0.000000 0.000000 0.000000 0.000000 0.000000 
75 0.000000 0.000000 0.000000 0.000000 0.000000 0.000000 
76 0.000000 0.000000 0.000000 0.000000 0.000000 0.000000 
77 0.000000 0.000000 0.000000 0.000000 0.000000 0.000000 
78 0.000000 0.000000 0.000000 0.000000 0.000000 0.000000 
79 0.000000 0.000000 0.000000 0.000000 0.000000 0.000000 
80 0.000000 0.000000 0.000000 0.000000 0.000000 0.000000 
81 0.000000 0.000000 0.000000 0.000000 0.000000 0.000000 
82 0.000000 0.000000 0.000000 0.000000 0.000000 0.000000 
83 0.000000 0.000000 0.000000 0.000000 0.000000 0.000000 
84 0.000000 0.000000 0.000000 0.000000 0.000000 0.000000 
85 0.000000 0.000000 0.000000 0.000000 0.000000 0.000000 
86 0.000000 0.000000 0.000000 0.000000 0.000000 0.000000 
87 0.000000 0.000000 0.000000 0.000000 0.000000 0.000000 
88 0.000000 0.000000 0.000000 0.000000 0.000000 0.000000 
89 0.000000 0.000000 0.000000 0.000000 0.000000 0.000000 
90 0.000000 0.000000 0.000000 0.000000 0.000000 0.000000 
91 0.000000 0.000000 0.000000 0.000000 0.000000 0.000000 
92 0.000000 0.000000 0.000000 0.000000 0.000000 0.000000 
93 0.000000 0.000000 0.000000 0.000000 0.000000 0.000000 
94 0.000000 0.000000 0.000000 0.000000 0.000000 0.000000 
95 0.000000 0.000000 0.000000 0.000000 0.000000 0.000000 
96 0.000000 0.000000 0.000000 0.000000 0.000000 0.000000 
97 0.000000 0.000000 0.000000 0.000000 0.000000 0.000000 
98 0.000000 0.000000 0.000000 0.000000 0.000000 0.000000 
99 0.000000 0.000000 0.000000 0.000000 0.000000 0.000000 
100 0.000000 0.000000 0.000000 0.000000 0.000000 0.000000 
101 0.000000 0.000000 0.000000 0.000000 0.000000 0.000000 
102 0.000000 0.000000 0.000000 0.000000 0.000000 0.000000 
103 0.000000 0.000000 0.000000 0.000000 0.000000 0.000000 
104 0.000000 0.000000 0.000000 0.000000 0.000000 0.000000 
105 0.000000 0.000000 0.000000 0.000000 0.000000 0.000000 
106 0.000000 0.000000 0.000000 0.000000 0.000000 0.000000 
107 0.000000 0.000000 0.000000 0.000000 0.000000 0.000000 
108 0.000000 0.000000 0.000000 0.000000 0.000000 0.000000 
109 0.000000 0.000000 0.000000 0.000000 0.000000 0.000000 
110 0.000000 0.000000 0.000000 0.000000 0.000000 0.000000 
111 0.000000 0.000000 0.000000 0.000000 0.000000 0.000000 
112 0.000000 0.000000 0.000000 0.000000 0.000000 0.000000 
113 0.000000 0.000000 0.000000 0.000000 0.000000 0.000000 
114 0.000000 0.000000 0.000000 0.000000 0.000000 0.000000 
115 0.000000 0.000000 0.000000 0.000000 0.000000 0.000000 
116 0.000000 0.000000 0.000000 0.000000 0.000000 0.000000 
117 0.000000 0.000000 0.000000 0.000000 0.000000 0.000000 
118 0.000000 0.000000 0.000000 0.000000 0.000000 0.000000 
119 0.000000 0.000000 0.000000 0.000000 0.000000 0.000000 
120 0.000000 0.000000 0.000000 0.000000 0.000000 0.000000 
121 0.000000 0.000000 0.000000 0.000000 0.000000 0.000000 
122 0.000000 0.000000 0.000000 0.000000 0.000000 0.000000 
123 0.000000 0.000000 0.000000 0.000000 0.000000 0.000000 
124 0.000000 0.000000 0.000000 0.000000 0.000000 0.000000 
125 0.000000 0.000000 0.000000 0.000000 0.000000 0.000000 
126 0.000000 0.000000 0.000000 0.000000 0.000000 0.000000 
127 0.000000 0.000000 0.000000 0.000000 0.000000 0.000000 
128 0.000000 0.000000 0.000000 0.000000 0.000000 0.000000 
129 0.000000 0.000000 0.000000 0.000000 0.000000 0.000000 
130 0.000000 0.000000 0.000000 0.000000 0.000000 0.000000 
131 0.000000 0.000000 0.000000 0.000000 0.000000 0.000000 
132 0.000000 0.000000 0.000000 0.000000 0.000000 0.000000 
133 0.000000 0.000000 0.000000 0.000000 0.000000 0.000000 
134 0.000000 0.000000 0.000000 0.000000 0.000000 0.000000 
135 0.000000 0.000000 0.000000 0.000000 0.000000 0.000000 
136 0.000000 0.000000 0.000000 0.000000 0.000000 0.000000 
137 0.000000 0.000000 0.000000 0.000000 0.000000 0.000000 
138 0.000000 0.000000 0.000000 0.000000 0.000000 0.000000 
139 0.000000 0.000000 0.000000 0.000000 0.000000 0.000000 
140 0.000000 0.000000 0.000000 0.000000 0.000000 0.000000 
109 0.000228 0.000324 0.000284 0.000170 0.000019 -0.012115 
110 -0.000439 -0.000333 0.000159 0.000717 0.000100 -0.048521 
111 0.000104 0.000443 0.000343 0.001666 0.000257 -0.109242 
112 -0.000188 -0.000216 -0.000128 0.002917 0.000464 -0.194218 
113 -0.000375 -0.000512 0.000042 0.004435 0.000769 -0.303412 
114 -0.000188 -0.000335 -0.000129 0.006290 0.001211 -0.436801 
115 0.002645 0.000335 0.001108 0.008457 0.001754 -0.594456 
116 -0.000801 -0.000215 -0.000015 0.010889 0.002397 -0.776401 
117 0.000549 -0.001564 0.002004 0.013872 0.004134 -0.982552 
118 -0.000172 -0.001429 0.003853 0.016995 0.009219 -1.212921 
119 -0.000421 0.001094 0.013072 0.019319 0.019279 -1.467505 
120 -0.000379 0.000683 0.000226 0.020447 0.033297 -1.746271 
121 -0.002508 0.001906 -0.002320 0.019863 0.049357 -2.049230 
122 0.000098 -0.000466 -0.008459 0.019750 0.067954 -2.376408 
123 0.003347 0.000071 -0.002246 0.021588 0.088996 -2.727863 
124 -0.001041 -0.000138 -0.011470 0.024896 0.111711 -3.103549 
125 0.000164 -0.001810 0.007321 0.027830 0.136788 -3.503523 
126 -0.002438 -0.000828 0.011076 0.029158 0.164782 -3.927836 
127 -0.002753 -0.006694 0.013855 0.030298 0.194397 -4.376439 
128 -0.003678 0.001220 0.014038 0.030319 0.223855 -4.849358 
129 0.001041 -0.001082 0.008721 0.029445 0.252339 -5.346531 
130 -0.000084 0.001856 -0.001729 0.029875 0.280536 -5.867922 
131 0.002583 -0.000631 0.005784 0.031576 0.308732 -6.413508 
132 -0.001793 0.003398 -0.008550 0.033582 0.337452 -6.983361 
133 0.000844 -0.001179 0.004670 0.035974 0.366754 -7.577503 
134 0.001232 0.002029 0.010601 0.038445 0.395396 -8.195852 
135 0.000717 -0.000955 0.016240 0.040819 0.423299 -8.838418 
136 0.002998 -0.001161 0.006244 0.043743 0.450627 -9.505200 
137 0.000109 -0.005148 -0.006477 0.047454 0.477435 -10.196163 
138 0.002526 -0.002462 -0.012513 0.050961 0.501798 -10.911320 
139 0.001016 -0.001319 -0.010833 0.053887 0.520479 -11.650695 
140 -0.001717 -0.000214 -0.013500 0.057237 0.533290 -12.414348 
142 0.000000 0.000000 0.000000 0.000000 0.000000 0.000000 
143 0.000000 0.000000 0.000000 0.000000 0.000000 0.000000 
144 0.000000 0.000000 0.000000 0.000000 0.000000 0.000000 
145 0.000000 0.000000 0.000000 0.000000 0.000000 0.000000 
146 0.000000 0.000000 0.000000 0.000000 0.000000 0.000000 
147 0.000000 0.000000 0.000000 0.000000 0.000000 0.000000 
148 0.000000 0.000000 0.000000 0.000000 0.000000 0.000000 
149 0.000000 0.000000 0.000000 0.000000 0.000000 0.000000 
150 0.000000 0.000000 0.000000 0.000000 0.000000 0.000000 
151 0.000000 0.000000 0.000000 0.000000 0.000000 0.000000 
152 0.000000 0.000000 0.000000 0.000000 0.000000 0.000000 
153 0.000000 0.000000 0.000000 0.000000 0.000000 0.000000 
154 0.000000 0.000000 0.000000 0.000000 0.000000 0.000000 
155 0.000000 0.000000 0.000000 0.000000 0.000000 0.000000 
156 0.000000 0.000000 0.000000 0.000000 0.000000 0.000000 
157 0.000000 0.000000 0.000000 0.000000 0.000000 0.000000 
158 0.000000 0.000000 0.000000 0.000000 0.000000 0.000000 
159 0.000000 0.000000 0.000000 0.000000 0.000000 0.000000 
160 0.000000 0.000000 0.000000 0.000000 0.000000 0.000000 
161 0.000000 0.000000 0.000000 0.000000 0.000000 0.000000 
162 0.000000 0.000000 0.000000 0.000000 0.000000 0.000000 
163 0.000000 0.000000 0.000000 0.000000 0.000000 0.000000 
164 0.000000 0.000000 0.000000 0.000000 0.000000 0.000000 
165 0.000000 0.000000 0.000000 0.000000 0.000000 0.000000 
166 0.000000 0.000000 0.000000 0.000000 0.000000 0.000000 
167 0.000000 0.000000 0.000000 0.000000 0.000000 0.000000 
168 0.000000 0.000000 0.000000 0.000000 0.000000 0.000000 
169 0.000000 0.000000 0.000000 0.000000 0.000000 0.000000 
170 0.000000 0.000000 0.000000 0.000000 0.000000 0.000000 
171 0.000000 0.000000 0.000000 0.000000 0.000000 0.000000 
172 0.000000 0.000000 0.000000 0.000000 0.000000 0.000000 
173 0.000000 0.000000 0.000000 0.000000 0.000000 0.000000 
174 0.000000 0.000000 0.000000 0.000000 0.000000 0.000000 
175 0.000000 0.000000 0.000000 0.000000 0.000000 0.000000 
176 0.000000 0.000000 0.000000 0.000000 0.000000 0.000000 
177 0.000000 0.000000 0.000000 0.000000 0.000000 0.000000 
178 0.000000 0.000000 0.000000 0.000000 0.000000 0.000000 
179 0.000000 0.000000 0.000000 0.000000 0.000000 0.000000 
180 0.000000 0.000000 0.000000 0.000000 0.000000 0.000000 
181 0.000000 0.000000 0.000000 0.000000 0.000000 0.000000 
182 0.000000 0.000000 0.000000 0.000000 0.000000 0.000000 
183 0.000000 0.000000 0.000000 0.000000 0.000000 0.000000 
184 0.000000 0.000000 0.000000 0.000000 0.000000 0.000000 
185 0.000000 0.000000 0.000000 0.000000 0.000000 0.000000 
186 0.000000 0.000000 0.000000 0.000000 0.000000 0.000000 
187 0.000000 0.000000 0.000000 0.000000 0.000000 0.000000 
188 0.000000 0.000000 0.000000 0.000000 0.000000 0.000000 
189 0.000000 0.000000 0.000000 0.000000 0.000000 0.000000 
190 0.000000 0.000000 0.000000 0.000000 0.000000 0.000000 
191 0.000000 0.000000 0.000000 0.000000 0.000000 0.000000 
192 0.000000 0.000000 0.000000 0.000000 0.000000 0.000000 
193 0.000000 0.000000 0.000000 0.000000 0.000000 0.000000 
194 0.000000 0.000000 0.000000 0.000000 0.000000 0.000000 
195 0.000000 0.000000 0.000000 0.000000 0.000000 0.000000 
196 0.000000 0.000000 0.000000 0.000000 0.000000 0.000000 
197 0.000000 0.000000 0.000000 0.000000 0.000000 0.000000 
198 0.000000 0.000000 0.000000 0.000000 0.000000 0.000000 
199 0.000000 0.000000 0.000000 0.000000 0.000000 0.000000 
200 0.000000 0.000000 0.000000 0.000000 0.000000 0.000000 
201 0.000000 0.000000 0.000000 0.000000 0.000000 0.000000 
202 0.000000 0.000000 0.000000 0.000000 0.000000 0.000000 
203 0.000000 0.000000 0.000000 0.000000 0.000000 0.000000 
204 0.000000 0.000000 0.000000 0.000000 0.000000 0.000000 
205 0.000000 0.000000 0.000000 0.000000 0.000000 0.000000 
206 0.000000 0.000000 0.000000 0.000000 0.000000 0.000000 
207 0.000000 0.000000 0.000000 0.000000 0.000000 0.000000 
208 0.000000 0.000000 0.000000 0.000000 0.000000 0.000000 
209 0.000000 0.000000 0.000000 0.000000 0.000000 0.000000 
210 0.000000 0.000000 0.000000 0.000000 0.000000 0.000000 
211 0.000000 0.000000 0.000000 0.000000 0.000000 0.000000 
212 0.000000 0.000000 0.000000 0.000000 0.000000 0.000000 
213 0.000000 0.000000 0.000000 0.000000 0.000000 0.000000 
214 0.000000 0.000000 0.000000 0.000000 0.000000 0.000000 
215 0.000000 0.000000 0.000000 0.000000 0.000000 0.000000 
216 0.000000 0.000000 0.000000 0.000000 0.000000 0.000000 
217 0.000000 0.000000 0.000000 0.000000 0.000000 0.000000 
218 0.000000 0.000000 0.000000 0.000000 0.000000 0.000000 
219 0.000000 0.000000 0.000000 0.000000 0.000000 0.000000 
220 0.000000 0.000000 0.000000 0.000000 0.000000 0.000000 
221 0.000000 0.000000 0.000000 0.000000 0.000000 0.000000 
222 0.000000 0.000000 0.000000 0.000000 0.000000 0.000000 
223 0.000000 0.000000 0.000000 0.000000 0.000000 0.000000 
224 0.000000 0.000000 0.000000 0.000000 0.000000 0.000000 
225 0.000000 0.000000 0.000000 0.000000 0.000000 0.000000 
226 0.000000 0.000000 0.000000 0.000000 0.000000 0.000000 
227 0.000000 0.000000 0.000000 0.000000 0.000000 0.000000 
228 0.000000 0.000000 0.000000 0.000000 0.000000 0.000000 
229 0.000000 0.000000 0.000000 0.000000 0.000000 0.000000 
230 0.000000 0.000000 0.000000 0.000000 0.000000 0.000000 
231 0.000000 0.000000 0.000000 0.000000 0.000000 0.000000 
232 0.000000 0.000000 0.000000 0.000000 0.000000 0.000000 
233 0.000000 0.000000 0.000000 0.000000 0.000000 0.000000 
234 0.000000 0.000000 0.000000 0.000000 0.000000 0.000000 
235 0.000000 0.000000 0.000000 0.000000 0.000000 0.000000 
236 0.000000 0.000000 0.000000 0.000000 0.000000 0.000000 
205 -0.000135 -0.000384 0.000260 0.000047 0.000043 -0.012047 
206 0.000601 -0.000384 0.000091 0.000225 0.000173 -0.048293 
207 0.000173 -0.000206 0.000148 0.000537 0.000338 -0.108859 
208 -0.000125 -0.000270 -0.000146 0.001005 0.000480 -0.193766 
209 -0.000068 0.000147 -0.000026 0.001654 0.000647 -0.302931 
210 0.000054 -0.000031 -0.000027 0.002437 0.000910 -0.436346 
211 0.000170 0.000505 0.000150 0.003378 0.001294 -0.594068 
212 0.000062 0.000500 -0.000371 0.004368 0.001798 -0.776016 
213 -0.001357 0.000405 0.002512 0.004596 0.002606 -0.982165 
214 -0.000065 -0.000373 0.002048 0.003210 0.003635 -1.212623 
215 -0.000096 -0.000441 0.007774 -0.000506 0.004864 -1.467407 
216 -0.000316 0.000203 0.000027 -0.006677 0.006208 -1.746484 
217 -0.001915 -0.000768 -0.001785 -0.014771 0.007754 -2.050163 
218 -0.000486 0.001746 0.006286 -0.025046 0.009634 -2.378166 
219 -0.001639 0.001698 -0.005290 -0.037096 0.011816 -2.729634 
220 -0.000253 -0.001129 -0.002360 -0.049988 0.014597 -3.104654 
221 0.002344 -0.004942 0.003231 -0.063463 0.017807 -3.503752 
222 -0.000285 -0.002663 0.005667 -0.077892 0.020903 -3.927142 
223 0.001101 0.003828 -0.007456 -0.092640 0.024214 -4.374846 
224 0.001230 0.000658 0.003738 -0.107285 0.028167 -4.846806 
225 -0.000101 -0.011087 -0.012284 -0.122228 0.032486 -5.342983 
226 0.002727 0.002317 -0.004338 -0.136798 0.037082 -5.863356 
227 -0.001380 0.006678 -0.008254 -0.150368 0.041973 -6.407994 
228 -0.002227 0.003506 -0.010662 -0.162791 0.046591 -6.976922 
229 -0.000974 -0.001637 -0.007231 -0.174542 0.050927 -7.570057 
230 -0.000635 -0.007439 -0.010637 -0.184958 0.055138 -8.187408 
231 -0.000007 -0.000495 -0.000046 -0.192770 0.059162 -8.828977 
232 0.000759 -0.001843 0.028291 -0.200251 0.063583 -9.494725 
233 -0.000422 0.000574 0.006325 -0.208402 0.067937 -10.184668 
234 0.000944 -0.000641 -0.003633 -0.214521 0.072075 -10.898829 
235 0.000970 0.001649 -0.006909 -0.217455 0.076761 -11.637268 
236 0.000165 0.000641 -0.006460 -0.217162 0.081988 -12.399937 
238 0.000000 0.000000 0.000000 0.000000 0.000000 0.000000 
239 0.000000 0.000000 0.000000 0.000000 0.000000 0.000000 
240 0.000000 0.000000 0.000000 0.000000 0.000000 0.000000 
241 0.000000 0.000000 0.000000 0.000000 0.000000 0.000000 
242 0.000000 0.000000 0.000000 0.000000 0.000000 0.000000 
243 0.000000 0.000000 0.000000 0.000000 0.000000 0.000000 
244 0.000000 0.000000 0.000000 0.000000 0.000000 0.000000 
245 0.000000 0.000000 0.000000 0.000000 0.000000 0.000000 
246 0.000000 0.000000 0.000000 0.000000 0.000000 0.000000 
247 0.000000 0.000000 0.000000 0.000000 0.000000 0.000000 
248 0.000000 0.000000 0.000000 0.000000 0.000000 0.000000 
249 0.000000 0.000000 0.000000 0.000000 0.000000 0.000000 
250 0.000000 0.000000 0.000000 0.000000 0.000000 0.000000 
251 0.000000 0.000000 0.000000 0.000000 0.000000 0.000000 
252 0.000000 0.000000 0.000000 0.000000 0.000000 0.000000 
253 0.000000 0.000000 0.000000 0.000000 0.000000 0.000000 
254 0.000000 0.000000 0.000000 0.000000 0.000000 0.000000 
255 0.000000 0.000000 0.000000 0.000000 0.000000 0.000000 
256 0.000000 0.000000 0.000000 0.000000 0.000000 0.000000 
257 0.000000 0.000000 0.000000 0.000000 0.000000 0.000000 
258 0.000000 0.000000 0.000000 0.000000 0.000000 0.000000 
259 0.000000 0.000000 0.000000 0.000000 0.000000 0.000000 
260 0.000000 0.000000 0.000000 0.000000 0.000000 0.000000 
261 0.000000 0.000000 0.000000 0.000000 0.000000 0.000000 
262 0.000000 0.000000 0.000000 0.000000 0.000000 0.000000 
263 0.000000 0.000000 0.000000 0.000000 0.000000 0.000000 
264 0.000000 0.000000 0.000000 0.000000 0.000000 0.000000 
265 0.000000 0.000000 0.000000 0.000000 0.000000 0.000000 
266 0.000000 0.000000 0.000000 0.000000 0.000000 0.000000 
267 0.000000 0.000000 0.000000 0.000000 0.000000 0.000000 
268 0.000000 0.000000 0.000000 0.000000 0.000000 0.000000 
269 0.000000 0.000000 0.000000 0.000000 0.000000 0.000000 
270 0.000000 0.000000 0.000000 0.000000 0.000000 0.000000 
271 0.000000 0.000000 0.000000 0.000000 0.000000 0.000000 
272 0.000000 0.000000 0.000000 0.000000 0.000000 0.000000 
273 0.000000 0.000000 0.000000 0.000000 0.000000 0.000000 
274 0.000000 0.000000 0.000000 0.000000 0.000000 0.000000 
275 0.000000 0.000000 0.000000 0.000000 0.000000 0.000000 
276 0.000000 0.000000 0.000000 0.000000 0.000000 0.000000 
277 0.000000 0.000000 0.000000 0.000000 0.000000 0.000000 
278 0.000000 0.000000 0.000000 0.000000 0.000000 0.000000 
279 0.000000 0.000000 0.000000 0.000000 0.000000 0.000000 
280 0.000000 0.000000 0.000000 0.000000 0.000000 0.000000 
281 0.000000 0.000000 0.000000 0.000000 0.000000 0.000000 
282 0.000000 0.000000 0.000000 0.000000 0.000000 0.000000 
283 0.000000 0.000000 0.000000 0.000000 0.000000 0.000000 
284 0.000000 0.000000 0.000000 0.000000 0.000000 0.000000 
285 0.000000 0.000000 0.000000 0.000000 0.000000 0.000000 
286 0.000000 0.000000 0.000000 0.000000 0.000000 0.000000 
287 0.000000 0.000000 0.000000 0.000000 0.000000 0.000000 
288 0.000000 0.000000 0.000000 0.000000 0.000000 0.000000 
289 0.000000 0.000000 0.000000 0.000000 0.000000 0.000000 
290 0.000000 0.000000 0.000000 0.000000 0.000000 0.000000 
291 0.000000 0.000000 0.000000 0.000000 0.000000 0.000000 
292 0.000000 0.000000 0.000000 0.000000 0.000000 0.000000 
293 0.000000 0.000000 0.000000 0.000000 0.000000 0.000000 
294 0.000000 0.000000 0.000000 0.000000 0.000000 0.000000 
295 0.000000 0.000000 0.000000 0.000000 0.000000 0.000000 
296 0.000000 0.000000 0.000000 0.000000 0.000000 0.000000 
297 0.000000 0.000000 0.000000 0.000000 0.000000 0.000000 
298 0.000000 0.000000 0.000000 0.000000 0.000000 0.000000 
299 0.000000 0.000000 0.000000 0.000000 0.000000 0.000000 
300 0.000000 0.000000 0.000000 0.000000 0.000000 0.000000 
301 0.000000 0.000000 0.000000 0.000000 0.000000 0.000000 
302 0.000000 0.000000 0.000000 0.000000 0.000000 0.000000 
303 0.000000 0.000000 0.000000 0.000000 0.000000 0.000000 
304 0.000000 0.000000 0.000000 0.000000 0.000000 0.000000 
305 0.000000 0.000000 0.000000 0.000000 0.000000 0.000000 
306 0.000000 0.000000 0.000000 0.000000 0.000000 0.000000 
307 0.000000 0.000000 0.000000 0.000000 0.000000 0.000000 
308 0.000000 0.000000 0.000000 0.000000 0.000000 0.000000 
309 0.000000 0.000000 0.000000 0.000000 0.000000 0.000000 
310 0.000000 0.000000 0.000000 0.000000 0.000000 0.000000 
311 0.000000 0.000000 0.000000 0.000000 0.000000 0.000000 
286 0.000306 -0.000139 0.000190 0.000048 0.000018 -0.012142 
287 -0.000361 -0.000142 0.000013 0.000216 0.000073 -0.048556 
288 0.000194 -0.000143 -0.000214 0.000563 0.000153 -0.109217 
289 0.000370 0.000812 0.000027 0.001141 0.000306 -0.194158 
290 -0.000230 -0.000323 -0.000334 0.001950 0.000581 -0.303357 
291 0.000919 0.001110 -0.000025 0.002915 0.000942 -0.436791 
292 0.001396 0.001293 0.000384 0.004130 0.001246 -0.594409 
293 0.002536 0.002372 0.001037 0.006323 0.001513 -0.776204 
294 0.000385 -0.000242 0.001696 0.009705 0.001757 -0.982301 
295 -0.000416 -0.000938 -0.009363 0.015112 0.001926 -1.212700 
296 -0.000779 -0.000205 -0.007218 0.023506 0.002348 -1.467093 
297 -0.001147 0.001562 -0.002634 0.035226 0.003075 -1.745352 
298 0.000390 0.003663 -0.000871 0.049921 0.004029 -2.047733 
299 -0.001194 -0.000008 0.001401 0.066324 0.005711 -2.374406 
300 -0.001939 0.002458 0.010907 0.083702 0.007344 -2.725394 
301 -0.002512 -0.003605 0.005122 0.101655 0.007771 -3.100636 
302 0.000139 0.005928 0.006091 0.120179 0.007486 -3.500097 
303 0.000996 0.004699 0.008283 0.139042 0.006823 -3.923753 
304 0.001055 0.003766 0.003821 0.158252 0.005945 -4.371674 
305 0.001418 -0.006542 0.008706 0.177435 0.005103 -4.843885 
306 -0.001609 0.005380 -0.001500 0.197273 0.004080 -5.340303 
307 -0.000012 -0.004553 0.005129 0.217913 0.002966 -5.860939 
308 -0.002487 -0.007960 -0.002606 0.239099 0.001697 -6.405790 
309 -0.000468 0.007965 0.001310 0.260959 0.000596 -6.974822 
310 0.000451 -0.000619 0.005922 0.283124 0.000011 -7.568059 
311 -0.001373 0.003339 0.003291 0.306143 -0.000505 -8.185588 
313 0.000000 0.000000 0.000000 0.000000 0.000000 0.000000 
314 0.000000 0.000000 0.000000 0.000000 0.000000 0.000000 
315 0.000000 0.000000 0.000000 0.000000 0.000000 0.000000 
316 0.000000 0.000000 0.000000 0.000000 0.000000 0.000000 
317 0.000000 0.000000 0.000000 0.000000 0.000000 0.000000 
318 0.000000 0.000000 0.000000 0.000000 0.000000 0.000000 
319 0.000000 0.000000 0.000000 0.000000 0.000000 0.000000 
320 0.000000 0.000000 0.000000 0.000000 0.000000 0.000000 
321 0.000000 0.000000 0.000000 0.000000 0.000000 0.000000 
322 0.000000 0.000000 0.000000 0.000000 0.000000 0.000000 
323 0.000000 0.000000 0.000000 0.000000 0.000000 0.000000 
324 0.000000 0.000000 0.000000 0.000000 0.000000 0.000000 
325 0.000000 0.000000 0.000000 0.000000 0.000000 0.000000 
326 0.000000 0.000000 0.000000 0.000000 0.000000 0.000000 
327 0.000000 0.000000 0.000000 0.000000 0.000000 0.000000 
313 -0.001432 0.005459 0.000880 -0.000107 -0.000185 -0.012115 
314 -0.001131 -0.003486 -0.001049 -0.000648 -0.000736 -0.048448 
315 -0.000070 -0.007579 -0.006402 -0.001164 -0.001181 -0.108976 
316 -0.000519 -0.004299 0.001145 -0.002324 -0.001380 -0.193770 
317 -0.000893 -0.002635 0.001387 -0.004872 -0.001527 -0.302854 
318 0.000681 -0.001558 0.001811 -0.008209 -0.001487 -0.436144 
319 0.001478 0.001157 -0.000705 -0.012245 -0.001453 -0.593652 
320 -0.000257 0.000187 -0.002002 -0.016435 -0.001451 -0.775375 
321 0.000098 0.000447 0.000661 -0.020722 -0.001464 -0.981280 
322 -0.000370 0.001531 0.002172 -0.026200 -0.001973 -1.211378 
323 0.000829 0.000212 0.007546 -0.033661 -0.002444 -1.465695 
324 -0.001258 -0.000265 0.001225 -0.041938 -0.002398 -1.744290 
325 0.000237 -0.001047 0.000069 -0.049767 -0.002263 -2.047114 
326 0.000906 0.000620 0.000088 -0.057208 -0.002052 -2.374228 
327 0.000143 -0.005484 -0.004347 -0.062460 -0.003031 -2.725714 
329 0.000000 0.000000 0.000000 0.000000 0.000000 0.000000 
330 0.000000 0.000000 0.000000 0.000000 0.000000 0.000000 
331 0.000000 0.000000 0.000000 0.000000 0.000000 0.000000 
332 0.000000 0.000000 0.000000 0.000000 0.000000 0.000000 
333 0.000000 0.000000 0.000000 0.000000 0.000000 0.000000 
334 0.000000 0.000000 0.000000 0.000000 0.000000 0.000000 
335 0.000000 0.000000 0.000000 0.000000 0.000000 0.000000 
336 0.000000 0.000000 0.000000 0.000000 0.000000 0.000000 
337 0.000000 0.000000 0.000000 0.000000 0.000000 0.000000 
338 0.000000 0.000000 0.000000 0.000000 0.000000 0.000000 
339 0.000000 0.000000 0.000000 0.000000 0.000000 0.000000 
340 0.000000 0.000000 0.000000 0.000000 0.000000 0.000000 
341 0.000000 0.000000 0.000000 0.000000 0.000000 0.000000 
342 0.000000 0.000000 0.000000 0.000000 0.000000 0.000000 
343 0.000000 0.000000 0.000000 0.000000 0.000000 0.000000 
344 0.000000 0.000000 0.000000 0.000000 0.000000 0.000000 
345 0.000000 0.000000 0.000000 0.000000 0.000000 0.000000 
346 0.000000 0.000000 0.000000 0.000000 0.000000 0.000000 
347 0.000000 0.000000 0.000000 0.000000 0.000000 0.000000 
348 0.000000 0.000000 0.000000 0.000000 0.000000 0.000000 
349 0.000000 0.000000 0.000000 0.000000 0.000000 0.000000 
350 0.000000 0.000000 0.000000 0.000000 0.000000 0.000000 
351 0.000000 0.000000 0.000000 0.000000 0.000000 0.000000 
352 0.000000 0.000000 0.000000 0.000000 0.000000 0.000000 
353 0.000000 0.000000 0.000000 0.000000 0.000000 0.000000 
354 0.000000 0.000000 0.000000 0.000000 0.000000 0.000000 
355 0.000000 0.000000 0.000000 0.000000 0.000000 0.000000 
356 0.000000 0.000000 0.000000 0.000000 0.000000 0.000000 
357 0.000000 0.000000 0.000000 0.000000 0.000000 0.000000 
358 0.000000 0.000000 0.000000 0.000000 0.000000 0.000000 
359 0.000000 0.000000 0.000000 0.000000 0.000000 0.000000 
360 0.000000 0.000000 0.000000 0.000000 0.000000 0.000000 
361 0.000000 0.000000 0.000000 0.000000 0.000000 0.000000 
362 0.000000 0.000000 0.000000 0.000000 0.000000 0.000000 
363 0.000000 0.000000 0.000000 0.000000 0.000000 0.000000 
364 0.000000 0.000000 0.000000 0.000000 0.000000 0.000000 
365 0.000000 0.000000 0.000000 0.000000 0.000000 0.000000 
366 0.000000 0.000000 0.000000 0.000000 0.000000 0.000000 
367 0.000000 0.000000 0.000000 0.000000 0.000000 0.000000 
368 0.000000 0.000000 0.000000 0.000000 0.000000 0.000000 
369 0.000000 0.000000 0.000000 0.000000 0.000000 0.000000 
370 0.000000 0.000000 0.000000 0.000000 0.000000 0.000000 
371 0.000000 0.000000 0.000000 0.000000 0.000000 0.000000 
372 0.000000 0.000000 0.000000 0.000000 0.000000 0.000000 
373 0.000000 0.000000 0.000000 0.000000 0.000000 0.000000 
374 0.000000 0.000000 0.000000 0.000000 0.000000 0.000000 
375 0.000000 0.000000 0.000000 0.000000 0.000000 0.000000 
376 0.000000 0.000000 0.000000 0.000000 0.000000 0.000000 
377 0.000000 0.000000 0.000000 0.000000 0.000000 0.000000 
378 0.000000 0.000000 0.000000 0.000000 0.000000 0.000000 
379 0.000000 0.000000 0.000000 0.000000 0.000000 0.000000 
380 0.000000 0.000000 0.000000 0.000000 0.000000 0.000000 
381 0.000000 0.000000 0.000000 0.000000 0.000000 0.000000 
382 0.000000 0.000000 0.000000 0.000000 0.000000 0.000000 
383 0.000000 0.000000 0.000000 0.000000 0.000000 0.000000 
384 0.000000 0.000000 0.000000 0.000000 0.000000 0.000000 
385 0.000000 0.000000 0.000000 0.000000 0.000000 0.000000 
386 0.000000 0.000000 0.000000 0.000000 0.000000 0.000000 
387 0.000000 0.000000 0.000000 0.000000 0.000000 0.000000 
388 0.000000 0.000000 0.000000 0.000000 0.000000 0.000000 
389 0.000000 0.000000 0.000000 0.000000 0.000000 0.000000 
390 0.000000 0.000000 0.000000 0.000000 0.000000 0.000000 
391 0.000000 0.000000 0.000000 0.000000 0.000000 0.000000 
392 0.000000 0.000000 0.000000 0.000000 0.000000 0.000000 
393 0.000000 0.000000 0.000000 0.000000 0.000000 0.000000 
394 0.000000 0.000000 0.000000 0.000000 0.000000 0.000000 
395 0.000000 0.000000 0.000000 0.000000 0.000000 0.000000 
396 0.000000 0.000000 0.000000 0.000000 0.000000 0.000000 
397 0.000000 0.000000 0.000000 0.000000 0.000000 0.000000 
398 0.000000 0.000000 0.000000 0.000000 0.000000 0.000000 
399 0.000000 0.000000 0.000000 0.000000 0.000000 0.000000 
400 0.000000 0.000000 0.000000 0.000000 0.000000 0.000000 
401 0.000000 0.000000 0.000000 0.000000 0.000000 0.000000 
402 0.000000 0.000000 0.000000 0.000000 0.000000 0.000000 
403 0.000000 0.000000 0.000000 0.000000 0.000000 0.000000 
404 0.000000 0.000000 0.000000 0.000000 0.000000 0.000000 
405 0.000000 0.000000 0.000000 0.000000 0.000000 0.000000 
406 0.000000 0.000000 0.000000 0.000000 0.000000 0.000000 
378 -0.000133 -0.000298 -0.000316 0.000184 0.000043 -0.012222 
379 0.000163 0.000122 -0.000022 0.000687 0.000207 -0.048818 
380 0.000049 0.000655 -0.000307 0.001515 0.000471 -0.109561 
381 -0.000698 -0.000174 0.000259 0.002654 0.000788 -0.194429 
382 -0.000983 -0.001609 -0.000450 0.004013 0.001263 -0.303542 
383 -0.002836 -0.002377 0.000400 0.005648 0.002123 -0.437032 
384 -0.001789 -0.001963 0.000005 0.007517 0.003879 -0.595155 
385 -0.000542 -0.000920 -0.003334 0.009343 0.006157 -0.777915 
386 -0.003904 0.002805 -0.005401 0.010928 0.007589 -0.986117 
387 0.000565 0.007526 -0.003888 0.012254 0.008522 -1.221435 
388 -0.009084 0.001545 -0.012384 0.015038 0.009440 -1.486863 
389 0.003748 0.008303 0.002500 0.019605 0.010516 -1.783218 
390 -0.007511 0.000961 0.001734 0.024799 0.011113 -2.109511 
391 0.000819 -0.003396 0.011922 0.030896 0.010492 -2.465768 
392 0.013997 0.008203 0.016033 0.037652 0.008900 -2.851161 
393 0.015525 0.010921 0.013579 0.044006 0.006787 -3.264364 
394 0.009510 0.019364 -0.005698 0.050045 0.004956 -3.704570 
395 0.013351 0.017441 -0.021544 0.057678 0.003779 -4.170776 
396 0.011190 0.029482 -0.025380 0.068442 0.003893 -4.661455 
397 0.015977 0.031285 -0.024238 0.083239 0.005393 -5.174821 
398 0.016768 0.021872 -0.012577 0.102254 0.007265 -5.708787 
399 0.026854 0.019386 0.000298 0.124301 0.008601 -6.261188 
400 0.015114 -0.001144 0.001898 0.149314 0.008146 -6.830858 
401 0.014823 -0.010564 0.006149 0.177479 0.005120 -7.417752 
402 -0.002435 -0.013549 -0.005253 0.208551 -0.000577 -8.023091 
403 0.014789 -0.025522 0.010063 0.242731 -0.009213 -8.648037 
404 0.003249 0.001683 -0.006067 0.279534 -0.020936 -9.293400 
405 0.014627 -0.013555 0.004444 0.318513 -0.036125 -9.960273 
406 -0.001069 -0.004713 -0.008636 0.359972 -0.054766 -10.648720 
408 0.000000 0.000000 0.000000 0.000000 0.000000 0.000000 
409 0.000000 0.000000 0.000000 0.000000 0.000000 0.000000 
410 0.000000 0.000000 0.000000 0.000000 0.000000 0.000000 
411 0.000000 0.000000 0.000000 0.000000 0.000000 0.000000 
412 0.000000 0.000000 0.000000 0.000000 0.000000 0.000000 
413 0.000000 0.000000 0.000000 0.000000 0.000000 0.000000 
414 0.000000 0.000000 0.000000 0.000000 0.000000 0.000000 
415 0.000000 0.000000 0.000000 0.000000 0.000000 0.000000 
416 0.000000 0.000000 0.000000 0.000000 0.000000 0.000000 
417 0.000000 0.000000 0.000000 0.000000 0.000000 0.000000 
418 0.000000 0.000000 0.000000 0.000000 0.000000 0.000000 
419 0.000000 0.000000 0.000000 0.000000 0.000000 0.000000 
420 0.000000 0.000000 0.000000 0.000000 0.000000 0.000000 
421 0.000000 0.000000 0.000000 0.000000 0.000000 0.000000 
422 0.000000 0.000000 0.000000 0.000000 0.000000 0.000000 
423 0.000000 0.000000 0.000000 0.000000 0.000000 0.000000 
424 0.000000 0.000000 0.000000 0.000000 0.000000 0.000000 
425 0.000000 0.000000 0.000000 0.000000 0.000000 0.000000 
426 0.000000 0.000000 0.000000 0.000000 0.000000 0.000000 
427 0.000000 0.000000 0.000000 0.000000 0.000000 0.000000 
428 0.000000 0.000000 0.000000 0.000000 0.000000 0.000000 
429 0.000000 0.000000 0.000000 0.000000 0.000000 0.000000 
430 0.000000 0.000000 0.000000 0.000000 0.000000 0.000000 
431 0.000000 0.000000 0.000000 0.000000 0.000000 0.000000 
432 0.000000 0.000000 0.000000 0.000000 0.000000 0.000000 
433 0.000000 0.000000 0.000000 0.000000 0.000000 0.000000 
434 0.000000 0.000000 0.000000 0.000000 0.000000 0.000000 
435 0.000000 0.000000 0.000000 0.000000 0.000000 0.000000 
436 0.000000 0.000000 0.000000 0.000000 0.000000 0.000000 
437 0.000000 0.000000 0.000000 0.000000 0.000000 0.000000 
438 0.000000 0.000000 0.000000 0.000000 0.000000 0.000000 
439 0.000000 0.000000 0.000000 0.000000 0.000000 0.000000 
440 0.000000 0.000000 0.000000 0.000000 0.000000 0.000000 
441 0.000000 0.000000 0.000000 0.000000 0.000000 0.000000 
442 0.000000 0.000000 0.000000 0.000000 0.000000 0.000000 
443 0.000000 0.000000 0.000000 0.000000 0.000000 0.000000 
444 0.000000 0.000000 0.000000 0.000000 0.000000 0.000000 
445 0.000000 0.000000 0.000000 0.000000 0.000000 0.000000 
446 0.000000 0.000000 0.000000 0.000000 0.000000 0.000000 
447 0.000000 0.000000 0.000000 0.000000 0.000000 0.000000 
448 0.000000 0.000000 0.000000 0.000000 0.000000 0.000000 
449 0.000000 0.000000 0.000000 0.000000 0.000000 0.000000 
450 0.000000 0.000000 0.000000 0.000000 0.000000 0.000000 
451 0.000000 0.000000 0.000000 0.000000 0.000000 0.000000 
452 0.000000 0.000000 0.000000 0.000000 0.000000 0.000000 
453 0.000000 0.000000 0.000000 0.000000 0.000000 0.000000 
454 0.000000 0.000000 0.000000 0.000000 0.000000 0.000000 
455 0.000000 0.000000 0.000000 0.000000 0.000000 0.000000 
456 0.000000 0.000000 0.000000 0.000000 0.000000 0.000000 
457 0.000000 0.000000 0.000000 0.000000 0.000000 0.000000 
458 0.000000 0.000000 0.000000 0.000000 0.000000 0.000000 
459 0.000000 0.000000 0.000000 0.000000 0.000000 0.000000 
460 0.000000 0.000000 0.000000 0.000000 0.000000 0.000000 
461 0.000000 0.000000 0.000000 0.000000 0.000000 0.000000 
462 0.000000 0.000000 0.000000 0.000000 0.000000 0.000000 
463 0.000000 0.000000 0.000000 0.000000 0.000000 0.000000 
464 0.000000 0.000000 0.000000 0.000000 0.000000 0.000000 
465 0.000000 0.000000 0.000000 0.000000 0.000000 0.000000 
466 0.000000 0.000000 0.000000 0.000000 0.000000 0.000000 
467 0.000000 0.000000 0.000000 0.000000 0.000000 0.000000 
468 0.000000 0.000000 0.000000 0.000000 0.000000 0.000000 
469 0.000000 0.000000 0.000000 0.000000 0.000000 0.000000 
470 0.000000 0.000000 0.000000 0.000000 0.000000 0.000000 
471 0.000000 0.000000 0.000000 0.000000 0.000000 0.000000 
472 0.000000 0.000000 0.000000 0.000000 0.000000 0.000000 
473 0.000000 0.000000 0.000000 0.000000 0.000000 0.000000 
474 0.000000 0.000000 0.000000 0.000000 0.000000 0.000000 
475 0.000000 0.000000 0.000000 0.000000 0.000000 0.000000 
476 0.000000 0.000000 0.000000 0.000000 0.000000 0.000000 
477 0.000000 0.000000 0.000000 0.000000 0.000000 0.000000 
478 0.000000 0.000000 0.000000 0.000000 0.000000 0.000000 
479 0.000000 0.000000 0.000000 0.000000 0.000000 0.000000 
480 0.000000 0.000000 0.000000 0.000000 0.000000 0.000000 
481 0.000000 0.000000 0.000000 0.000000 0.000000 0.000000 
482 0.000000 0.000000 0.000000 0.000000 0.000000 0.000000 
483 0.000000 0.000000 0.000000 0.000000 0.000000 0.000000 
484 0.000000 0.000000 0.000000 0.000000 0.000000 0.000000 
485 0.000000 0.000000 0.000000 0.000000 0.000000 0.000000 
486 0.000000 0.000000 0.000000 0.000000 0.000000 0.000000 
448 -0.002743 0.001171 -0.003153 0.002068 -0.001879 -0.012146 
449 0.003794 0.001040 0.000989 0.008351 -0.007440 -0.048286 
450 0.001751 0.003405 -0.000216 0.018867 -0.016579 -0.107966 
451 -0.000011 0.004293 -0.000507 0.033319 -0.029273 -0.190956 
452 -0.002032 0.003082 -0.002438 0.051747 -0.045462 -0.297279 
453 -0.001263 0.002339 0.000741 0.074276 -0.065379 -0.427384 
454 0.001820 0.001142 -0.000467 0.100795 -0.089158 -0.581366 
455 0.001101 -0.000588 -0.000892 0.131508 -0.116637 -0.758866 
456 0.002448 0.001673 -0.001153 0.166664 -0.147686 -0.959506 
457 0.003691 0.001806 0.000243 0.206295 -0.181931 -1.182086 
458 -0.003944 0.006537 -0.001723 0.250370 -0.218918 -1.425132 
459 -0.014240 0.006042 -0.002132 0.298978 -0.258362 -1.687915 
460 -0.022786 0.003078 0.000455 0.351828 -0.300170 -1.970458 
461 -0.027978 0.002317 -0.003804 0.408688 -0.344735 -2.274204 
462 -0.014742 -0.008410 0.005485 0.470095 -0.391461 -2.599800 
463 -0.022200 0.003042 -0.003245 0.536237 -0.439900 -2.948054 
464 -0.010107 -0.004596 0.005430 0.606646 -0.489303 -3.319019 
465 -0.015249 0.003035 0.001363 0.681009 -0.538904 -3.712590 
466 -0.016907 -0.006799 -0.000239 0.760169 -0.588845 -4.130186 
467 -0.017273 -0.000810 0.004152 0.844415 -0.639511 -4.572142 
468 0.001456 0.006812 0.008374 0.933118 -0.690545 -5.038239 
469 0.000923 -0.003283 0.017130 1.025910 -0.741256 -5.527514 
470 0.002589 -0.009712 0.016560 1.122908 -0.792398 -6.039970 
471 0.003355 -0.010059 0.017545 1.223706 -0.844545 -6.576128 
472 0.003294 -0.021045 0.013280 1.328216 -0.897444 -7.136658 
473 -0.001358 -0.012739 0.011420 1.436489 -0.950747 -7.722420 
474 -0.010783 -0.006997 -0.003446 1.548172 -1.004721 -8.334328 
475 -0.002270 -0.007095 -0.002474 1.662752 -1.059344 -8.972108 
476 -0.001954 -0.002918 -0.014351 1.780061 -1.113611 -9.634855 
477 -0.005450 -0.010686 -0.004376 1.900065 -1.166650 -10.322767 
478 -0.012830 -0.004255 -0.009102 2.022315 -1.219224 -11.036173 
479 -0.002330 -0.009075 0.008903 2.145563 -1.271757 -11.775126 
480 -0.009089 -0.012266 -0.007361 2.269895 -1.323896 -12.539316 
481 -0.001643 -0.009001 0.003759 2.396133 -1.375909 -13.328852 
482 -0.002896 -0.007789 -0.006476 2.523987 -1.428360 -14.144403 
483 0.005600 -0.007801 -0.002611 2.654283 -1.481095 -14.985853 
484 0.007237 -0.006205 0.009097 2.786573 -1.533667 -15.852658 
485 0.002693 -0.004065 -0.003461 2.920465 -1.585848 -16.744484 
486 0.003103 0.001435 -0.000690 3.056256 -1.637123 -17.661589 
488 0.000000 0.000000 0.000000 0.000000 0.000000 0.000000 
489 0.000000 0.000000 0.000000 0.000000 0.000000 0.000000 
490 0.000000 0.000000 0.000000 0.000000 0.000000 0.000000 
491 0.000000 0.000000 0.000000 0.000000 0.000000 0.000000 
492 0.000000 0.000000 0.000000 0.000000 0.000000 0.000000 
493 0.000000 0.000000 0.000000 0.000000 0.000000 0.000000 
494 0.000000 0.000000 0.000000 0.000000 0.000000 0.000000 
495 0.000000 0.000000 0.000000 0.000000 0.000000 0.000000 
496 0.000000 0.000000 0.000000 0.000000 0.000000 0.000000 
497 0.000000 0.000000 0.000000 0.000000 0.000000 0.000000 
498 0.000000 0.000000 0.000000 0.000000 0.000000 0.000000 
499 0.000000 0.000000 0.000000 0.000000 0.000000 0.000000 
500 0.000000 0.000000 0.000000 0.000000 0.000000 0.000000 
501 0.000000 0.000000 0.000000 0.000000 0.000000 0.000000 
502 0.000000 0.000000 0.000000 0.000000 0.000000 0.000000 
503 0.000000 0.000000 0.000000 0.000000 0.000000 0.000000 
504 0.000000 0.000000 0.000000 0.000000 0.000000 0.000000 
505 0.000000 0.000000 0.000000 0.000000 0.000000 0.000000 
506 0.000000 0.000000 0.000000 0.000000 0.000000 0.000000 
507 0.000000 0.000000 0.000000 0.000000 0.000000 0.000000 
508 0.000000 0.000000 0.000000 0.000000 0.000000 0.000000 
509 0.000000 0.000000 0.000000 0.000000 0.000000 0.000000 
510 0.000000 0.000000 0.000000 0.000000 0.000000 0.000000 
511 0.000000 0.000000 0.000000 0.000000 0.000000 0.000000 
512 0.000000 0.000000 0.000000 0.000000 0.000000 0.000000 
513 0.000000 0.000000 0.000000 0.000000 0.000000 0.000000 
514 0.000000 0.000000 0.000000 0.000000 0.000000 0.000000 
515 0.000000 0.000000 0.000000 0.000000 0.000000 0.000000 
516 0.000000 0.000000 0.000000 0.000000 0.000000 0.000000 
517 0.000000 0.000000 0.000000 0.000000 0.000000 0.000000 
518 0.000000 0.000000 0.000000 0.000000 0.000000 0.000000 
519 0.000000 0.000000 0.000000 0.000000 0.000000 0.000000 
520 0.000000 0.000000 0.000000 0.000000 0.000000 0.000000 
521 0.000000 0.000000 0.000000 0.000000 0.000000 0.000000 
522 0.000000 0.000000 0.000000 0.000000 0.000000 0.000000 
523 0.000000 0.000000 0.000000 0.000000 0.000000 0.000000 
524 0.000000 0.000000 0.000000 0.000000 0.000000 0.000000 
525 0.000000 0.000000 0.000000 0.000000 0.000000 0.000000 
526 0.000000 0.000000 0.000000 0.000000 0.000000 0.000000 
527 0.000000 0.000000 0.000000 0.000000 0.000000 0.000000 
528 0.000000 0.000000 0.000000 0.000000 0.000000 0.000000 
529 0.000000 0.000000 0.000000 0.000000 0.000000 0.000000 
530 0.000000 0.000000 0.000000 0.000000 0.000000 0.000000 
531 0.000000 0.000000 0.000000 0.000000 0.000000 0.000000 
532 0.000000 0.000000 0.000000 0.000000 0.000000 0.000000 
533 0.000000 0.000000 0.000000 0.000000 0.000000 0.000000 
534 0.000000 0.000000 0.000000 0.000000 0.000000 0.000000 
535 0.000000 0.000000 0.000000 0.000000 0.000000 0.000000 
536 0.000000 0.000000 0.000000 0.000000 0.000000 0.000000 
537 0.000000 0.000000 0.000000 0.000000 0.000000 0.000000 
538 0.000000 0.000000 0.000000 0.000000 0.000000 0.000000 
539 0.000000 0.000000 0.000000 0.000000 0.000000 0.000000 
540 0.000000 0.000000 0.000000 0.000000 0.000000 0.000000 
541 0.000000 0.000000 0.000000 0.000000 0.000000 0.000000 
542 0.000000 0.000000 0.000000 0.000000 0.000000 0.000000 
543 0.000000 0.000000 0.000000 0.000000 0.000000 0.000000 
544 0.000000 0.000000 0.000000 0.000000 0.000000 0.000000 
545 0.000000 0.000000 0.000000 0.000000 0.000000 0.000000 
546 0.000000 0.000000 0.000000 0.000000 0.000000 0.000000 
547 0.000000 0.000000 0.000000 0.000000 0.000000 0.000000 
548 0.000000 0.000000 0.000000 0.000000 0.000000 0.000000 
549 0.000000 0.000000 0.000000 0.000000 0.000000 0.000000 
550 0.000000 0.000000 0.000000 0.000000 0.000000 0.000000 
551 0.000000 0.000000 0.000000 0.000000 0.000000 0.000000 
552 0.000000 0.000000 0.000000 0.000000 0.000000 0.000000 
553 0.000000 0.000000 0.000000 0.000000 0.000000 0.000000 
554 0.000000 0.000000 0.000000 0.000000 0.000000 0.000000 
555 0.000000 0.000000 0.000000 0.000000 0.000000 0.000000 
556 0.000000 0.000000 0.000000 0.000000 0.000000 0.000000 
557 0.000000 0.000000 0.000000 0.000000 0.000000 0.000000 
558 0.000000 0.000000 0.000000 0.000000 0.000000 0.000000 
559 0.000000 0.000000 0.000000 0.000000 0.000000 0.000000 
560 0.000000 0.000000 0.000000 0.000000 0.000000 0.000000 
561 0.000000 0.000000 0.000000 0.000000 0.000000 0.000000 
562 0.000000 0.000000 0.000000 0.000000 0.000000 0.000000 
563 0.000000 0.000000 0.000000 0.000000 0.000000 0.000000 
564 0.000000 0.000000 0.000000 0.000000 0.000000 0.000000 
565 0.000000 0.000000 0.000000 0.000000 0.000000 0.000000 
566 0.000000 0.000000 0.000000 0.000000 0.000000 0.000000 
567 0.000000 0.000000 0.000000 0.000000 0.000000 0.000000 
568 0.000000 0.000000 0.000000 0.000000 0.000000 0.000000 
569 0.000000 0.000000 0.000000 0.000000 0.000000 0.000000 
570 0.000000 0.000000 0.000000 0.000000 0.000000 0.000000 
571 0.000000 0.000000 0.000000 0.000000 0.000000 0.000000 
572 0.000000 0.000000 0.000000 0.000000 0.000000 0.000000 
573 0.000000 0.000000 0.000000 0.000000 0.000000 0.000000 
574 0.000000 0.000000 0.000000 0.000000 0.000000 0.000000 
575 0.000000 0.000000 0.000000 0.000000 0.000000 0.000000 
576 0.000000 0.000000 0.000000 0.000000 0.000000 0.000000 
577 0.000000 0.000000 0.000000 0.000000 0.000000 0.000000 
578 0.000000 0.000000 0.000000 0.000000 0.000000 0.000000 
579 0.000000 0.000000 0.000000 0.000000 0.000000 0.000000 
580 0.000000 0.000000 0.000000 0.000000 0.000000 0.000000 
581 0.000000 0.000000 0.000000 0.000000 0.000000 0.000000 
582 0.000000 0.000000 0.000000 0.000000 0.000000 0.000000 
583 0.000000 0.000000 0.000000 0.000000 0.000000 0.000000 
584 0.000000 0.000000 0.000000 0.000000 0.000000 0.000000 
585 0.000000 0.000000 0.000000 0.000000 0.000000 0.000000 
586 0.000000 0.000000 0.000000 0.000000 0.000000 0.000000 
587 0.000000 0.000000 0.000000 0.000000 0.000000 0.000000 
588 0.000000 0.000000 0.000000 0.000000 0.000000 0.000000 
589 0.000000 0.000000 0.000000 0.000000 0.000000 0.000000 
590 0.000000 0.000000 0.000000 0.000000 0.000000 0.000000 
591 0.000000 0.000000 0.000000 0.000000 0.000000 0.000000 
592 0.000000 0.000000 0.000000 0.000000 0.000000 0.000000 
593 0.000000 0.000000 0.000000 0.000000 0.000000 0.000000 
594 0.000000 0.000000 0.000000 0.000000 0.000000 0.000000 
595 0.000000 0.000000 0.000000 0.000000 0.000000 0.000000 
596 0.000000 0.000000 0.000000 0.000000 0.000000 0.000000 
597 0.000000 0.000000 0.000000 0.000000 0.000000 0.000000 
598 0.000000 0.000000 0.000000 0.000000 0.000000 0.000000 
599 0.000000 0.000000 0.000000 0.000000 0.000000 0.000000 
600 0.000000 0.000000 0.000000 0.000000 0.000000 0.000000 
601 0.000000 0.000000 0.000000 0.000000 0.000000 0.000000 
602 0.000000 0.000000 0.000000 0.000000 0.000000 0.000000 
603 0.000000 0.000000 0.000000 0.000000 0.000000 0.000000 
604 0.000000 0.000000 0.000000 0.000000 0.000000 0.000000 
605 0.000000 0.000000 0.000000 0.000000 0.000000 0.000000 
606 0.000000 0.000000 0.000000 0.000000 0.000000 0.000000 
607 0.000000 0.000000 0.000000 0.000000 0.000000 0.000000 
608 0.000000 0.000000 0.000000 0.000000 0.000000 0.000000 
609 0.000000 0.000000 0.000000 0.000000 0.000000 0.000000 
610 0.000000 0.000000 0.000000 0.000000 0.000000 0.000000 
611 0.000000 0.000000 0.000000 0.000000 0.000000 0.000000 
612 0.000000 0.000000 0.000000 0.000000 0.000000 0.000000 
613 0.000000 0.000000 0.000000 0.000000 0.000000 0.000000 
614 0.000000 0.000000 0.000000 0.000000 0.000000 0.000000 
615 0.000000 0.000000 0.000000 0.000000 0.000000 0.000000 
616 0.000000 0.000000 0.000000 0.000000 0.000000 0.000000 
617 0.000000 0.000000 0.000000 0.000000 0.000000 0.000000 
618 0.000000 0.000000 0.000000 0.000000 0.000000 0.000000 
619 0.000000 0.000000 0.000000 0.000000 0.000000 0.000000 
620 0.000000 0.000000 0.000000 0.000000 0.000000 0.000000 
621 0.000000 0.000000 0.000000 0.000000 0.000000 0.000000 
622 0.000000 0.000000 0.000000 0.000000 0.000000 0.000000 
623 0.000000 0.000000 0.000000 0.000000 0.000000 0.000000 
624 0.000000 0.000000 0.000000 0.000000 0.000000 0.000000 
625 0.000000 0.000000 0.000000 0.000000 0.000000 0.000000 
626 0.000000 0.000000 0.000000 0.000000 0.000000 0.000000 
627 0.000000 0.000000 0.000000 0.000000 0.000000 0.000000 
628 0.000000 0.000000 0.000000 0.000000 0.000000 0.000000 
629 0.000000 0.000000 0.000000 0.000000 0.000000 0.000000 
630 0.000000 0.000000 0.000000 0.000000 0.000000 0.000000 
631 0.000000 0.000000 0.000000 0.000000 0.000000 0.000000 
632 0.000000 0.000000 0.000000 0.000000 0.000000 0.000000 
633 0.000000 0.000000 0.000000 0.000000 0.000000 0.000000 
634 0.000000 0.000000 0.000000 0.000000 0.000000 0.000000 
635 0.000000 0.000000 0.000000 0.000000 0.000000 0.000000 
636 0.000000 0.000000 0.000000 0.000000 0.000000 0.000000 
637 0.000000 0.000000 0.000000 0.000000 0.000000 0.000000 
638 0.000000 0.000000 0.000000 0.000000 0.000000 0.000000 
639 0.000000 0.000000 0.000000 0.000000 0.000000 0.000000 
640 0.000000 0.000000 0.000000 0.000000 0.000000 0.000000 
641 0.000000 0.000000 0.000000 0.000000 0.000000 0.000000 
642 0.000000 0.000000 0.000000 0.000000 0.000000 0.000000 
643 0.000000 0.000000 0.000000 0.000000 0.000000 0.000000 
644 0.000000 0.000000 0.000000 0.000000 0.000000 0.000000 
645 0.000000 0.000000 0.000000 0.000000 0.000000 0.000000 
646 0.000000 0.000000 0.000000 0.000000 0.000000 0.000000 
647 0.000000 0.000000 0.000000 0.000000 0.000000 0.000000 
648 0.000000 0.000000 0.000000 0.000000 0.000000 0.000000 
649 0.000000 0.000000 0.000000 0.000000 0.000000 0.000000 
650 0.000000 0.000000 0.000000 0.000000 0.000000 0.000000 
651 0.000000 0.000000 0.000000 0.000000 0.000000 0.000000 
652 0.000000 0.000000 0.000000 0.000000 0.000000 0.000000 
653 0.000000 0.000000 0.000000 0.000000 0.000000 0.000000 
654 0.000000 0.000000 0.000000 0.000000 0.000000 0.000000 
655 0.000000 0.000000 0.000000 0.000000 0.000000 0.000000 
656 0.000000 0.000000 0.000000 0.000000 0.000000 0.000000 
657 0.000000 0.000000 0.000000 0.000000 0.000000 0.000000 
658 0.000000 0.000000 0.000000 0.000000 0.000000 0.000000 
659 0.000000 0.000000 0.000000 0.000000 0.000000 0.000000 
660 0.000000 0.000000 0.000000 0.000000 0.000000 0.000000 
661 0.000000 0.000000 0.000000 0.000000 0.000000 0.000000 
622 -0.000141 -0.001317 0.000002 -0.000015 -0.000054 -0.012143 
623 -0.000097 0.000294 0.000595 -0.000009 -0.000169 -0.048537 
624 -0.000382 -0.000525 0.002148 0.000043 -0.000285 -0.109263 
625 0.000409 -0.001018 -0.000049 0.000157 -0.000390 -0.194369 
626 0.000463 -0.001432 0.000237 0.000330 -0.000520 -0.303808 
627 0.000797 -0.002253 0.001446 0.000696 -0.000734 -0.437647 
628 0.001257 -0.006501 0.011708 0.001999 -0.001372 -0.595874 
629 0.001587 -0.005572 0.022131 0.003426 -0.002296 -0.778372 
630 0.001344 -0.005457 0.015247 0.004712 -0.003513 -0.985300 
631 0.002146 -0.004958 0.030816 0.006169 -0.005052 -1.216425 
632 0.001632 -0.001616 0.038537 0.006880 -0.006538 -1.471665 
633 0.001198 0.000012 0.041037 0.006691 -0.008025 -1.751300 
634 0.001488 -0.001451 0.037092 0.005341 -0.009475 -2.055026 
635 0.003133 -0.001825 0.034900 0.004161 -0.011530 -2.382613 
636 0.002121 -0.000877 0.054396 0.003017 -0.013787 -2.734317 
637 0.003270 -0.000279 0.047930 0.001573 -0.016051 -3.110542 
638 0.003602 0.000767 0.058295 0.001489 -0.019277 -3.510546 
639 0.003603 0.000332 0.062803 0.002194 -0.023354 -3.933605 
640 0.000922 0.002249 0.058120 0.002413 -0.027370 -4.380417 
641 0.003054 -0.001817 0.042361 0.001525 -0.030982 -4.851715 
642 0.001847 -0.003665 0.048759 0.000975 -0.035131 -5.347287 
643 0.004815 0.005974 0.074317 0.002230 -0.039949 -5.866663 
644 0.000836 0.003600 0.095387 0.002758 -0.044240 -6.410515 
645 0.004136 0.002999 0.067865 0.000727 -0.047802 -6.979359 
646 0.002924 0.001187 0.058529 -0.001470 -0.051546 -7.572433 
647 0.000791 0.001049 0.069854 -0.004246 -0.055172 -8.189405 
648 0.000476 0.002076 0.051987 -0.008784 -0.058122 -8.830597 
649 -0.000174 0.000680 0.048963 -0.014369 -0.060381 -9.496453 
650 0.000163 -0.000324 0.043229 -0.020684 -0.062439 -10.186986 
651 -0.001419 0.001954 0.045323 -0.026653 -0.064809 -10.901973 
652 -0.000428 0.001081 0.053882 -0.032338 -0.067860 -11.641270 
653 0.000154 0.000036 0.043579 -0.039182 -0.071179 -12.405002 
654 0.001162 0.001551 0.033244 -0.047355 -0.074277 -13.193308 
655 0.000017 0.000805 0.016803 -0.055454 -0.077870 -14.006050 
656 0.000087 0.001084 0.027854 -0.062591 -0.082317 -14.843143 
657 -0.000251 0.003204 0.051762 -0.069493 -0.087311 -15.704332 
658 0.000774 0.006854 0.040752 -0.077392 -0.092221 -16.589764 
659 -0.000471 0.002454 0.028153 -0.086123 -0.096843 -17.499615 
660 -0.000629 0.000361 0.020439 -0.094884 -0.101720 -18.433893 
661 -0.000169 -0.000480 0.026045 -0.104642 -0.106179 -19.392607 
663 0.000000 0.000000 0.000000 0.000000 0.000000 0.000000 
664 0.000000 0.000000 0.000000 0.000000 0.000000 0.000000 
665 0.000000 0.000000 0.000000 0.000000 0.000000 0.000000 
666 0.000000 0.000000 0.000000 0.000000 0.000000 0.000000 
667 0.000000 0.000000 0.000000 0.000000 0.000000 0.000000 
668 0.000000 0.000000 0.000000 0.000000 0.000000 0.000000 
669 0.000000 0.000000 0.000000 0.000000 0.000000 0.000000 
670 0.000000 0.000000 0.000000 0.000000 0.000000 0.000000 
671 0.000000 0.000000 0.000000 0.000000 0.000000 0.000000 
672 0.000000 0.000000 0.000000 0.000000 0.000000 0.000000 
673 0.000000 0.000000 0.000000 0.000000 0.000000 0.000000 
674 0.000000 0.000000 0.000000 0.000000 0.000000 0.000000 
675 0.000000 0.000000 0.000000 0.000000 0.000000 0.000000 
676 0.000000 0.000000 0.000000 0.000000 0.000000 0.000000 
677 0.000000 0.000000 0.000000 0.000000 0.000000 0.000000 
678 0.000000 0.000000 0.000000 0.000000 0.000000 0.000000 
679 0.000000 0.000000 0.000000 0.000000 0.000000 0.000000 
680 0.000000 0.000000 0.000000 0.000000 0.000000 0.000000 
681 0.000000 0.000000 0.000000 0.000000 0.000000 0.000000 
682 0.000000 0.000000 0.000000 0.000000 0.000000 0.000000 
683 0.000000 0.000000 0.000000 0.000000 0.000000 0.000000 
684 0.000000 0.000000 0.000000 0.000000 0.000000 0.000000 
685 0.000000 0.000000 0.000000 0.000000 0.000000 0.000000 
686 0.000000 0.000000 0.000000 0.000000 0.000000 0.000000 
687 0.000000 0.000000 0.000000 0.000000 0.000000 0.000000 
688 0.000000 0.000000 0.000000 0.000000 0.000000 0.000000 
689 0.000000 0.000000 0.000000 0.000000 0.000000 0.000000 
690 0.000000 0.000000 0.000000 0.000000 0.000000 0.000000 
691 0.000000 0.000000 0.000000 0.000000 0.000000 0.000000 
692 0.000000 0.000000 0.000000 0.000000 0.000000 0.000000 
693 0.000000 0.000000 0.000000 0.000000 0.000000 0.000000 
694 0.000000 0.000000 0.000000 0.000000 0.000000 0.000000 
695 0.000000 0.000000 0.000000 0.000000 0.000000 0.000000 
696 0.000000 0.000000 0.000000 0.000000 0.000000 0.000000 
697 0.000000 0.000000 0.000000 0.000000 0.000000 0.000000 
698 0.000000 0.000000 0.000000 0.000000 0.000000 0.000000 
699 0.000000 0.000000 0.000000 0.000000 0.000000 0.000000 
700 0.000000 0.000000 0.000000 0.000000 0.000000 0.000000 
701 0.000000 0.000000 0.000000 0.000000 0.000000 0.000000 
702 0.000000 0.000000 0.000000 0.000000 0.000000 0.000000 
703 0.000000 0.000000 0.000000 0.000000 0.000000 0.000000 
704 0.000000 0.000000 0.000000 0.000000 0.000000 0.000000 
705 0.000000 0.000000 0.000000 0.000000 0.000000 0.000000 
706 0.000000 0.000000 0.000000 0.000000 0.000000 0.000000 
707 0.000000 0.000000 0.000000 0.000000 0.000000 0.000000 
708 0.000000 0.000000 0.000000 0.000000 0.000000 0.000000 
709 0.000000 0.000000 0.000000 0.000000 0.000000 0.000000 
710 0.000000 0.000000 0.000000 0.000000 0.000000 0.000000 
711 0.000000 0.000000 0.000000 0.000000 0.000000 0.000000 
712 0.000000 0.000000 0.000000 0.000000 0.000000 0.000000 
713 0.000000 0.000000 0.000000 0.000000 0.000000 0.000000 
714 0.000000 0.000000 0.000000 0.000000 0.000000 0.000000 
715 0.000000 0.000000 0.000000 0.000000 0.000000 0.000000 
716 0.000000 0.000000 0.000000 0.000000 0.000000 0.000000 
717 0.000000 0.000000 0.000000 0.000000 0.000000 0.000000 
718 0.000000 0.000000 0.000000 0.000000 0.000000 0.000000 
719 0.000000 0.000000 0.000000 0.000000 0.000000 0.000000 
720 0.000000 0.000000 0.000000 0.000000 0.000000 0.000000 
721 0.000000 0.000000 0.000000 0.000000 0.000000 0.000000 
722 0.000000 0.000000 0.000000 0.000000 0.000000 0.000000 
723 0.000000 0.000000 0.000000 0.000000 0.000000 0.000000 
724 0.000000 0.000000 0.000000 0.000000 0.000000 0.000000 
725 0.000000 0.000000 0.000000 0.000000 0.000000 0.000000 
726 0.000000 0.000000 0.000000 0.000000 0.000000 0.000000 
727 0.000000 0.000000 0.000000 0.000000 0.000000 0.000000 
728 0.000000 0.000000 0.000000 0.000000 0.000000 0.000000 
729 0.000000 0.000000 0.000000 0.000000 0.000000 0.000000 
730 0.000000 0.000000 0.000000 0.000000 0.000000 0.000000 
731 0.000000 0.000000 0.000000 0.000000 0.000000 0.000000 
732 0.000000 0.000000 0.000000 0.000000 0.000000 0.000000 
733 0.000000 0.000000 0.000000 0.000000 0.000000 0.000000 
734 0.000000 0.000000 0.000000 0.000000 0.000000 0.000000 
735 0.000000 0.000000 0.000000 0.000000 0.000000 0.000000 
736 0.000000 0.000000 0.000000 0.000000 0.000000 0.000000 
737 0.000000 0.000000 0.000000 0.000000 0.000000 0.000000 
738 0.000000 0.000000 0.000000 0.000000 0.000000 0.000000 
739 0.000000 0.000000 0.000000 0.000000 0.000000 0.000000 
740 0.000000 0.000000 0.000000 0.000000 0.000000 0.000000 
741 0.000000 0.000000 0.000000 0.000000 0.000000 0.000000 
742 0.000000 0.000000 0.000000 0.000000 0.000000 0.000000 
743 0.000000 0.000000 0.000000 0.000000 0.000000 0.000000 
744 0.000000 0.000000 0.000000 0.000000 0.000000 0.000000 
745 0.000000 0.000000 0.000000 0.000000 0.000000 0.000000 
746 0.000000 0.000000 0.000000 0.000000 0.000000 0.000000 
747 0.000000 0.000000 0.000000 0.000000 0.000000 0.000000 
748 0.000000 0.000000 0.000000 0.000000 0.000000 0.000000 
749 0.000000 0.000000 0.000000 0.000000 0.000000 0.000000 
750 0.000000 0.000000 0.000000 0.000000 0.000000 0.000000 
751 0.000000 0.000000 0.000000 0.000000 0.000000 0.000000 
752 0.000000 0.000000 0.000000 0.000000 0.000000 0.000000 
753 0.000000 0.000000 0.000000 0.000000 0.000000 0.000000 
754 0.000000 0.000000 0.000000 0.000000 0.000000 0.000000 
755 0.000000 0.000000 0.000000 0.000000 0.000000 0.000000 
756 0.000000 0.000000 0.000000 0.000000 0.000000 0.000000 
757 0.000000 0.000000 0.000000 0.000000 0.000000 0.000000 
758 0.000000 0.000000 0.000000 0.000000 0.000000 0.000000 
759 0.000000 0.000000 0.000000 0.000000 0.000000 0.000000 
760 0.000000 0.000000 0.000000 0.000000 0.000000 0.000000 
761 0.000000 0.000000 0.000000 0.000000 0.000000 0.000000 
762 0.000000 0.000000 0.000000 0.000000 0.000000 0.000000 
763 0.000000 0.000000 0.000000 0.000000 0.000000 0.000000 
764 0.000000 0.000000 0.000000 0.000000 0.000000 0.000000 
765 0.000000 0.000000 0.000000 0.000000 0.000000 0.000000 
766 0.000000 0.000000 0.000000 0.000000 0.000000 0.000000 
767 0.000000 0.000000 0.000000 0.000000 0.000000 0.000000 
768 0.000000 0.000000 0.000000 0.000000 0.000000 0.000000 
769 0.000000 0.000000 0.000000 0.000000 0.000000 0.000000 
770 0.000000 0.000000 0.000000 0.000000 0.000000 0.000000 
771 0.000000 0.000000 0.000000 0.000000 0.000000 0.000000 
772 0.000000 0.000000 0.000000 0.000000 0.000000 0.000000 
773 0.000000 0.000000 0.000000 0.000000 0.000000 0.000000 
741 0.000043 -0.000046 -0.000087 0.000022 -0.000054 -0.012130 
742 -0.000200 -0.000344 -0.000091 0.000051 -0.000193 -0.048558 
743 -0.000386 -0.000691 0.000195 -0.000022 -0.000418 -0.109239 
744 -0.000376 -0.000516 -0.000208 -0.000246 -0.000716 -0.194186 
745 -0.000480 -0.001236 -0.000852 -0.000472 -0.001076 -0.303466 
746 0.000117 0.001268 -0.000421 -0.000653 -0.001533 -0.437079 
747 0.000235 0.000020 -0.000258 -0.001021 -0.002089 -0.595007 
748 0.000418 -0.000319 -0.004772 -0.001938 -0.002725 -0.777259 
749 0.000248 -0.001575 -0.012073 -0.003512 -0.003286 -0.983827 
750 0.001153 -0.000109 -0.027673 -0.005342 -0.003288 -1.214693 
751 0.001467 -0.000474 -0.041673 -0.007175 -0.002858 -1.469837 
752 -0.000687 -0.000152 -0.038674 -0.009738 -0.002105 -1.749575 
753 0.001392 -0.004610 -0.031935 -0.014589 -0.000209 -2.053979 
754 0.000263 0.000444 -0.065041 -0.021611 0.002824 -2.382820 
755 0.001114 0.002285 -0.078614 -0.029901 0.006570 -2.736223 
756 0.000653 -0.002565 -0.088610 -0.038554 0.010872 -3.114094 
757 -0.000128 -0.001717 -0.086813 -0.047602 0.015408 -3.516347 
758 0.000179 -0.001422 -0.093692 -0.056685 0.020195 -3.942794 
759 -0.000840 0.002379 -0.087648 -0.065156 0.025312 -4.393513 
760 -0.001241 0.004550 -0.090927 -0.074200 0.030646 -4.868810 
761 -0.000388 0.000761 -0.102179 -0.082829 0.036151 -5.368432 
762 -0.000264 0.003183 -0.090934 -0.090357 0.041904 -5.892502 
763 -0.000831 0.000080 -0.078819 -0.096832 0.047845 -6.441131 
764 0.001368 -0.000469 -0.067532 -0.102719 0.054474 -7.014155 
765 -0.003387 -0.002561 -0.074403 -0.108046 0.061501 -7.611715 
766 0.000198 -0.001494 -0.055747 -0.112562 0.068353 -8.233778 
767 0.000164 -0.001640 -0.052162 -0.116974 0.075268 -8.879958 
768 -0.000988 -0.000672 -0.050193 -0.121019 0.082428 -9.550309 
769 -0.000277 0.001281 -0.044907 -0.124496 0.089854 -10.245219 
770 -0.000530 -0.000005 -0.042259 -0.127443 0.097055 -10.964567 
771 0.000254 -0.001526 -0.039608 -0.129589 0.103698 -11.708367 
772 0.000224 -0.000699 -0.027106 -0.131195 0.110415 -12.476703 
773 0.000421 -0.001378 -0.029888 -0.132830 0.117453 -13.269423 
775 0.000000 0.000000 0.000000 0.000000 0.000000 0.000000 
776 0.000000 0.000000 0.000000 0.000000 0.000000 0.000000 
777 0.000000 0.000000 0.000000 0.000000 0.000000 0.000000 
778 0.000000 0.000000 0.000000 0.000000 0.000000 0.000000 
779 0.000000 0.000000 0.000000 0.000000 0.000000 0.000000 
780 0.000000 0.000000 0.000000 0.000000 0.000000 0.000000 
781 0.000000 0.000000 0.000000 0.000000 0.000000 0.000000 
782 0.000000 0.000000 0.000000 0.000000 0.000000 0.000000 
783 0.000000 0.000000 0.000000 0.000000 0.000000 0.000000 
784 0.000000 0.000000 0.000000 0.000000 0.000000 0.000000 
785 0.000000 0.000000 0.000000 0.000000 0.000000 0.000000 
786 0.000000 0.000000 0.000000 0.000000 0.000000 0.000000 
787 0.000000 0.000000 0.000000 0.000000 0.000000 0.000000 
788 0.000000 0.000000 0.000000 0.000000 0.000000 0.000000 
789 0.000000 0.000000 0.000000 0.000000 0.000000 0.000000 
790 0.000000 0.000000 0.000000 0.000000 0.000000 0.000000 
791 0.000000 0.000000 0.000000 0.000000 0.000000 0.000000 
792 0.000000 0.000000 0.000000 0.000000 0.000000 0.000000 
793 0.000000 0.000000 0.000000 0.000000 0.000000 0.000000 
794 0.000000 0.000000 0.000000 0.000000 0.000000 0.000000 
795 0.000000 0.000000 0.000000 0.000000 0.000000 0.000000 
796 0.000000 0.000000 0.000000 0.000000 0.000000 0.000000 
797 0.000000 0.000000 0.000000 0.000000 0.000000 0.000000 
798 0.000000 0.000000 0.000000 0.000000 0.000000 0.000000 
799 0.000000 0.000000 0.000000 0.000000 0.000000 0.000000 
800 0.000000 0.000000 0.000000 0.000000 0.000000 0.000000 
801 0.000000 0.000000 0.000000 0.000000 0.000000 0.000000 
802 0.000000 0.000000 0.000000 0.000000 0.000000 0.000000 
803 0.000000 0.000000 0.000000 0.000000 0.000000 0.000000 
804 0.000000 0.000000 0.000000 0.000000 0.000000 0.000000 
805 0.000000 0.000000 0.000000 0.000000 0.000000 0.000000 
806 0.000000 0.000000 0.000000 0.000000 0.000000 0.000000 
807 0.000000 0.000000 0.000000 0.000000 0.000000 0.000000 
808 0.000000 0.000000 0.000000 0.000000 0.000000 0.000000 
809 0.000000 0.000000 0.000000 0.000000 0.000000 0.000000 
810 0.000000 0.000000 0.000000 0.000000 0.000000 0.000000 
811 0.000000 0.000000 0.000000 0.000000 0.000000 0.000000 
812 0.000000 0.000000 0.000000 0.000000 0.000000 0.000000 
813 0.000000 0.000000 0.000000 0.000000 0.000000 0.000000 
814 0.000000 0.000000 0.000000 0.000000 0.000000 0.000000 
815 0.000000 0.000000 0.000000 0.000000 0.000000 0.000000 
816 0.000000 0.000000 0.000000 0.000000 0.000000 0.000000 
817 0.000000 0.000000 0.000000 0.000000 0.000000 0.000000 
818 0.000000 0.000000 0.000000 0.000000 0.000000 0.000000 
819 0.000000 0.000000 0.000000 0.000000 0.000000 0.000000 
820 0.000000 0.000000 0.000000 0.000000 0.000000 0.000000 
821 0.000000 0.000000 0.000000 0.000000 0.000000 0.000000 
822 0.000000 0.000000 0.000000 0.000000 0.000000 0.000000 
823 0.000000 0.000000 0.000000 0.000000 0.000000 0.000000 
824 0.000000 0.000000 0.000000 0.000000 0.000000 0.000000 
825 0.000000 0.000000 0.000000 0.000000 0.000000 0.000000 
826 0.000000 0.000000 0.000000 0.000000 0.000000 0.000000 
827 0.000000 0.000000 0.000000 0.000000 0.000000 0.000000 
828 0.000000 0.000000 0.000000 0.000000 0.000000 0.000000 
829 0.000000 0.000000 0.000000 0.000000 0.000000 0.000000 
830 0.000000 0.000000 0.000000 0.000000 0.000000 0.000000 
831 0.000000 0.000000 0.000000 0.000000 0.000000 0.000000 
832 0.000000 0.000000 0.000000 0.000000 0.000000 0.000000 
833 0.000000 0.000000 0.000000 0.000000 0.000000 0.000000 
834 0.000000 0.000000 0.000000 0.000000 0.000000 0.000000 
835 0.000000 0.000000 0.000000 0.000000 0.000000 0.000000 
836 0.000000 0.000000 0.000000 0.000000 0.000000 0.000000 
837 0.000000 0.000000 0.000000 0.000000 0.000000 0.000000 
838 0.000000 0.000000 0.000000 0.000000 0.000000 0.000000 
839 0.000000 0.000000 0.000000 0.000000 0.000000 0.000000 
840 0.000000 0.000000 0.000000 0.000000 0.000000 0.000000 
841 0.000000 0.000000 0.000000 0.000000 0.000000 0.000000 
842 0.000000 0.000000 0.000000 0.000000 0.000000 0.000000 
843 0.000000 0.000000 0.000000 0.000000 0.000000 0.000000 
844 0.000000 0.000000 0.000000 0.000000 0.000000 0.000000 
845 0.000000 0.000000 0.000000 0.000000 0.000000 0.000000 
846 0.000000 0.000000 0.000000 0.000000 0.000000 0.000000 
847 0.000000 0.000000 0.000000 0.000000 0.000000 0.000000 
848 0.000000 0.000000 0.000000 0.000000 0.000000 0.000000 
849 0.000000 0.000000 0.000000 0.000000 0.000000 0.000000 
850 0.000000 0.000000 0.000000 0.000000 0.000000 0.000000 
851 0.000000 0.000000 0.000000 0.000000 0.000000 0.000000 
852 0.000000 0.000000 0.000000 0.000000 0.000000 0.000000 
853 0.000000 0.000000 0.000000 0.000000 0.000000 0.000000 
854 0.000000 0.000000 0.000000 0.000000 0.000000 0.000000 
855 0.000000 0.000000 0.000000 0.000000 0.000000 0.000000 
856 0.000000 0.000000 0.000000 0.000000 0.000000 0.000000 
857 0.000000 0.000000 0.000000 0.000000 0.000000 0.000000 
858 0.000000 0.000000 0.000000 0.000000 0.000000 0.000000 
859 0.000000 0.000000 0.000000 0.000000 0.000000 0.000000 
860 0.000000 0.000000 0.000000 0.000000 0.000000 0.000000 
861 0.000000 0.000000 0.000000 0.000000 0.000000 0.000000 
862 0.000000 0.000000 0.000000 0.000000 0.000000 0.000000 
863 0.000000 0.000000 0.000000 0.000000 0.000000 0.000000 
864 0.000000 0.000000 0.000000 0.000000 0.000000 0.000000 
865 0.000000 0.000000 0.000000 0.000000 0.000000 0.000000 
866 0.000000 0.000000 0.000000 0.000000 0.000000 0.000000 
867 0.000000 0.000000 0.000000 0.000000 0.000000 0.000000 
868 0.000000 0.000000 0.000000 0.000000 0.000000 0.000000 
869 0.000000 0.000000 0.000000 0.000000 0.000000 0.000000 
870 0.000000 0.000000 0.000000 0.000000 0.000000 0.000000 
871 0.000000 0.000000 0.000000 0.000000 0.000000 0.000000 
872 0.000000 0.000000 0.000000 0.000000 0.000000 0.000000 
873 0.000000 0.000000 0.000000 0.000000 0.000000 0.000000 
874 0.000000 0.000000 0.000000 0.000000 0.000000 0.000000 
875 0.000000 0.000000 0.000000 0.000000 0.000000 0.000000 
876 0.000000 0.000000 0.000000 0.000000 0.000000 0.000000 
877 0.000000 0.000000 0.000000 0.000000 0.000000 0.000000 
878 0.000000 0.000000 0.000000 0.000000 0.000000 0.000000 
879 0.000000 0.000000 0.000000 0.000000 0.000000 0.000000 
880 0.000000 0.000000 0.000000 0.000000 0.000000 0.000000 
881 0.000000 0.000000 0.000000 0.000000 0.000000 0.000000 
882 0.000000 0.000000 0.000000 0.000000 0.000000 0.000000 
883 0.000000 0.000000 0.000000 0.000000 0.000000 0.000000 
884 0.000000 0.000000 0.000000 0.000000 0.000000 0.000000 
885 0.000000 0.000000 0.000000 0.000000 0.000000 0.000000 
886 0.000000 0.000000 0.000000 0.000000 0.000000 0.000000 
887 0.000000 0.000000 0.000000 0.000000 0.000000 0.000000 
854 0.000058 0.000080 -0.000348 0.000023 0.000018 -0.012119 
855 -0.000192 0.000557 -0.000111 0.000105 0.000060 -0.048524 
856 -0.000369 -0.000753 -0.000298 0.000186 0.000123 -0.109274 
857 0.000667 -0.002179 -0.000188 0.000251 0.000102 -0.194288 
858 0.002223 -0.002583 0.000916 0.000286 -0.000040 -0.303576 
859 0.002598 -0.004192 0.000615 0.000219 -0.000329 -0.437200 
860 0.003374 -0.005137 0.001306 -0.000446 -0.000613 -0.595090 
861 0.006785 -0.007174 -0.000776 -0.002027 -0.000999 -0.777828 
862 0.019294 -0.017587 -0.002999 -0.004896 -0.002208 -0.985965 
863 0.037885 -0.013609 -0.000371 -0.009007 -0.005073 -1.219114 
864 0.054938 -0.011254 0.007323 -0.013844 -0.010408 -1.476755 
865 0.062983 -0.012310 0.007589 -0.019388 -0.019737 -1.758720 
866 0.067479 -0.009323 0.008162 -0.026547 -0.034316 -2.064930 
867 0.079718 -0.003627 0.011058 -0.035867 -0.055194 -2.395370 
868 0.100317 0.002973 0.013778 -0.048270 -0.083821 -2.749051 
869 0.098546 -0.002743 0.000353 -0.064692 -0.122076 -3.124032 
870 0.093297 -0.005907 -0.013067 -0.084620 -0.172194 -3.519067 
871 0.101268 -0.010076 -0.021390 -0.107341 -0.236288 -3.932264 
872 0.103370 -0.002864 -0.020330 -0.131950 -0.316568 -4.361879 
873 0.097643 -0.012074 -0.018073 -0.157988 -0.414725 -4.806325 
874 0.085397 -0.013305 -0.013988 -0.185522 -0.532205 -5.263474 
875 0.079502 -0.009791 -0.012600 -0.214410 -0.670543 -5.731546 
876 0.076340 0.004896 -0.006468 -0.244065 -0.830881 -6.208480 
877 0.062480 0.004288 0.000911 -0.274463 -1.013717 -6.692067 
878 0.046832 0.016074 0.004171 -0.306033 -1.219446 -7.181947 
879 0.043961 0.004472 0.004628 -0.339429 -1.448375 -7.678016 
880 0.040361 0.004010 0.000150 -0.374330 -1.700992 -8.177687 
881 0.018188 0.004345 0.001360 -0.410706 -1.977320 -8.681746 
882 0.025447 0.000070 -0.005406 -0.448963 -2.277272 -9.190454 
883 0.031374 0.004656 -0.005910 -0.488859 -2.600991 -9.702218 
884 0.033494 0.002216 -0.007303 -0.529999 -2.948618 -10.216372 
885 0.026243 -0.001623 -0.002924 -0.572218 -3.320251 -10.732138 
886 0.035274 0.001224 -0.005451 -0.615602 -3.715817 -11.249444 
887 0.038738 0.001531 -0.004966 -0.659122 -4.135501 -11.766035 
889 0.000000 0.000000 0.000000 0.000000 0.000000 0.000000 
890 0.000000 0.000000 0.000000 0.000000 0.000000 0.000000 
891 0.000000 0.000000 0.000000 0.000000 0.000000 0.000000 
892 0.000000 0.000000 0.000000 0.000000 0.000000 0.000000 
893 0.000000 0.000000 0.000000 0.000000 0.000000 0.000000 
894 0.000000 0.000000 0.000000 0.000000 0.000000 0.000000 
895 0.000000 0.000000 0.000000 0.000000 0.000000 0.000000 
896 0.000000 0.000000 0.000000 0.000000 0.000000 0.000000 
897 0.000000 0.000000 0.000000 0.000000 0.000000 0.000000 
898 0.000000 0.000000 0.000000 0.000000 0.000000 0.000000 
899 0.000000 0.000000 0.000000 0.000000 0.000000 0.000000 
900 0.000000 0.000000 0.000000 0.000000 0.000000 0.000000 
901 0.000000 0.000000 0.000000 0.000000 0.000000 0.000000 
902 0.000000 0.000000 0.000000 0.000000 0.000000 0.000000 
903 0.000000 0.000000 0.000000 0.000000 0.000000 0.000000 
904 0.000000 0.000000 0.000000 0.000000 0.000000 0.000000 
905 0.000000 0.000000 0.000000 0.000000 0.000000 0.000000 
906 0.000000 0.000000 0.000000 0.000000 0.000000 0.000000 
907 0.000000 0.000000 0.000000 0.000000 0.000000 0.000000 
908 0.000000 0.000000 0.000000 0.000000 0.000000 0.000000 
909 0.000000 0.000000 0.000000 0.000000 0.000000 0.000000 
910 0.000000 0.000000 0.000000 0.000000 0.000000 0.000000 
911 0.000000 0.000000 0.000000 0.000000 0.000000 0.000000 
912 0.000000 0.000000 0.000000 0.000000 0.000000 0.000000 
913 0.000000 0.000000 0.000000 0.000000 0.000000 0.000000 
914 0.000000 0.000000 0.000000 0.000000 0.000000 0.000000 
915 0.000000 0.000000 0.000000 0.000000 0.000000 0.000000 
916 0.000000 0.000000 0.000000 0.000000 0.000000 0.000000 
917 0.000000 0.000000 0.000000 0.000000 0.000000 0.000000 
918 0.000000 0.000000 0.000000 0.000000 0.000000 0.000000 
919 0.000000 0.000000 0.000000 0.000000 0.000000 0.000000 
920 0.000000 0.000000 0.000000 0.000000 0.000000 0.000000 
921 0.000000 0.000000 0.000000 0.000000 0.000000 0.000000 
922 0.000000 0.000000 0.000000 0.000000 0.000000 0.000000 
923 0.000000 0.000000 0.000000 0.000000 0.000000 0.000000 
924 0.000000 0.000000 0.000000 0.000000 0.000000 0.000000 
925 0.000000 0.000000 0.000000 0.000000 0.000000 0.000000 
926 0.000000 0.000000 0.000000 0.000000 0.000000 0.000000 
927 0.000000 0.000000 0.000000 0.000000 0.000000 0.000000 
928 0.000000 0.000000 0.000000 0.000000 0.000000 0.000000 
929 0.000000 0.000000 0.000000 0.000000 0.000000 0.000000 
930 0.000000 0.000000 0.000000 0.000000 0.000000 0.000000 
931 0.000000 0.000000 0.000000 0.000000 0.000000 0.000000 
932 0.000000 0.000000 0.000000 0.000000 0.000000 0.000000 
933 0.000000 0.000000 0.000000 0.000000 0.000000 0.000000 
934 0.000000 0.000000 0.000000 0.000000 0.000000 0.000000 
935 0.000000 0.000000 0.000000 0.000000 0.000000 0.000000 
936 0.000000 0.000000 0.000000 0.000000 0.000000 0.000000 
937 0.000000 0.000000 0.000000 0.000000 0.000000 0.000000 
938 0.000000 0.000000 0.000000 0.000000 0.000000 0.000000 
939 0.000000 0.000000 0.000000 0.000000 0.000000 0.000000 
940 0.000000 0.000000 0.000000 0.000000 0.000000 0.000000 
941 0.000000 0.000000 0.000000 0.000000 0.000000 0.000000 
942 0.000000 0.000000 0.000000 0.000000 0.000000 0.000000 
943 0.000000 0.000000 0.000000 0.000000 0.000000 0.000000 
944 0.000000 0.000000 0.000000 0.000000 0.000000 0.000000 
945 0.000000 0.000000 0.000000 0.000000 0.000000 0.000000 
946 0.000000 0.000000 0.000000 0.000000 0.000000 0.000000 
947 0.000000 0.000000 0.000000 0.000000 0.000000 0.000000 
948 0.000000 0.000000 0.000000 0.000000 0.000000 0.000000 
949 0.000000 0.000000 0.000000 0.000000 0.000000 0.000000 
950 0.000000 0.000000 0.000000 0.000000 0.000000 0.000000 
951 0.000000 0.000000 0.000000 0.000000 0.000000 0.000000 
952 0.000000 0.000000 0.000000 0.000000 0.000000 0.000000 
953 0.000000 0.000000 0.000000 0.000000 0.000000 0.000000 
954 0.000000 0.000000 0.000000 0.000000 0.000000 0.000000 
955 0.000000 0.000000 0.000000 0.000000 0.000000 0.000000 
956 0.000000 0.000000 0.000000 0.000000 0.000000 0.000000 
957 0.000000 0.000000 0.000000 0.000000 0.000000 0.000000 
958 0.000000 0.000000 0.000000 0.000000 0.000000 0.000000 
959 0.000000 0.000000 0.000000 0.000000 0.000000 0.000000 
960 0.000000 0.000000 0.000000 0.000000 0.000000 0.000000 
961 0.000000 0.000000 0.000000 0.000000 0.000000 0.000000 
962 0.000000 0.000000 0.000000 0.000000 0.000000 0.000000 
963 0.000000 0.000000 0.000000 0.000000 0.000000 0.000000 
964 0.000000 0.000000 0.000000 0.000000 0.000000 0.000000 
965 0.000000 0.000000 0.000000 0.000000 0.000000 0.000000 
966 0.000000 0.000000 0.000000 0.000000 0.000000 0.000000 
967 0.000000 0.000000 0.000000 0.000000 0.000000 0.000000 
968 0.000000 0.000000 0.000000 0.000000 0.000000 0.000000 
969 0.000000 0.000000 0.000000 0.000000 0.000000 0.000000 
970 0.000000 0.000000 0.000000 0.000000 0.000000 0.000000 
971 0.000000 0.000000 0.000000 0.000000 0.000000 0.000000 
972 0.000000 0.000000 0.000000 0.000000 0.000000 0.000000 
973 0.000000 0.000000 0.000000 0.000000 0.000000 0.000000 
974 0.000000 0.000000 0.000000 0.000000 0.000000 0.000000 
975 0.000000 0.000000 0.000000 0.000000 0.000000 0.000000 
976 0.000000 0.000000 0.000000 0.000000 0.000000 0.000000 
977 0.000000 0.000000 0.000000 0.000000 0.000000 0.000000 
978 0.000000 0.000000 0.000000 0.000000 0.000000 0.000000 
979 0.000000 0.000000 0.000000 0.000000 0.000000 0.000000 
980 0.000000 0.000000 0.000000 0.000000 0.000000 0.000000 
981 0.000000 0.000000 0.000000 0.000000 0.000000 0.000000 
982 0.000000 0.000000 0.000000 0.000000 0.000000 0.000000 
983 0.000000 0.000000 0.000000 0.000000 0.000000 0.000000 
984 0.000000 0.000000 0.000000 0.000000 0.000000 0.000000 
985 0.000000 0.000000 0.000000 0.000000 0.000000 0.000000 
986 0.000000 0.000000 0.000000 0.000000 0.000000 0.000000 
987 0.000000 0.000000 0.000000 0.000000 0.000000 0.000000 
988 0.000000 0.000000 0.000000 0.000000 0.000000 0.000000 
989 0.000000 0.000000 0.000000 0.000000 0.000000 0.000000 
956 0.000263 0.000379 -0.000664 -0.000423 -0.012084 0.000170 
957 -0.000487 0.000146 0.000024 -0.001749 -0.048351 0.000511 
958 0.001196 0.000078 -0.001238 -0.003888 -0.108893 0.001277 
959 -0.001040 -0.000031 0.000252 -0.006747 -0.193694 0.002612 
960 -0.000321 0.000570 0.000725 -0.010322 -0.302756 0.004375 
961 -0.003161 0.000459 0.002098 -0.014632 -0.436173 0.006804 
962 -0.008007 -0.000035 0.000852 -0.020112 -0.593818 0.009850 
963 -0.013336 -0.000136 -0.002823 -0.026881 -0.775595 0.013615 
964 -0.022956 -0.000572 -0.003399 -0.034520 -0.981631 0.018102 
965 -0.032191 -0.000875 -0.002412 -0.042845 -1.211890 0.022289 
966 -0.039912 -0.001647 -0.001073 -0.051783 -1.466141 0.024581 
967 -0.033852 0.000275 0.000309 -0.061181 -1.744291 0.023681 
968 -0.030667 0.000057 0.002060 -0.071054 -2.046323 0.019160 
969 -0.033337 0.000188 0.003840 -0.081696 -2.372075 0.010723 
970 -0.039376 0.000775 0.003870 -0.093519 -2.721327 -0.002620 
971 -0.043726 0.001447 0.000034 -0.106474 -3.093810 -0.021620 
972 -0.055673 -0.002261 -0.000182 -0.120470 -3.489035 -0.047268 
973 -0.063193 -0.007819 -0.001662 -0.135575 -3.906449 -0.081380 
974 -0.065862 -0.003227 -0.000016 -0.151590 -4.345383 -0.125113 
975 -0.076276 -0.006240 0.004006 -0.168639 -4.805101 -0.179845 
976 -0.079734 0.001859 0.005391 -0.186961 -5.284362 -0.247736 
977 -0.083020 0.001613 0.005139 -0.206910 -5.781621 -0.330357 
978 -0.090353 0.002934 0.001061 -0.228761 -6.295509 -0.429297 
979 -0.088650 0.003730 -0.003319 -0.252105 -6.824701 -0.546211 
980 -0.090125 -0.001860 -0.002799 -0.276495 -7.367751 -0.682814 
981 -0.082045 0.000821 0.002881 -0.301785 -7.922614 -0.840724 
982 -0.080098 -0.001593 0.005415 -0.328008 -8.487554 -1.020957 
983 -0.069881 0.003054 0.010952 -0.355417 -9.061058 -1.224256 
984 -0.066934 0.002577 0.010272 -0.384644 -9.641321 -1.451354 
985 -0.060985 0.002870 0.002210 -0.415605 -10.227069 -1.703080 
986 -0.047684 0.001797 -0.000214 -0.447975 -10.817431 -1.979337 
987 -0.041313 0.002174 0.001040 -0.481456 -11.411492 -2.279991 
988 -0.038599 0.002744 0.004415 -0.515960 -12.008160 -2.605131 
989 -0.035775 0.004706 0.003697 -0.551448 -12.606754 -2.955155 
991 0.000000 0.000000 0.000000 0.000000 0.000000 0.000000 
992 0.000000 0.000000 0.000000 0.000000 0.000000 0.000000 
993 0.000000 0.000000 0.000000 0.000000 0.000000 0.000000 
994 0.000000 0.000000 0.000000 0.000000 0.000000 0.000000 
995 0.000000 0.000000 0.000000 0.000000 0.000000 0.000000 
996 0.000000 0.000000 0.000000 0.000000 0.000000 0.000000 
997 0.000000 0.000000 0.000000 0.000000 0.000000 0.000000 
998 0.000000 0.000000 0.000000 0.000000 0.000000 0.000000 
999 0.000000 0.000000 0.000000 0.000000 0.000000 0.000000 
1000 0.000000 0.000000 0.000000 0.000000 0.000000 0.000000 
1001 0.000000 0.000000 0.000000 0.000000 0.000000 0.000000 
1002 0.000000 0.000000 0.000000 0.000000 0.000000 0.000000 
1003 0.000000 0.000000 0.000000 0.000000 0.000000 0.000000 
1004 0.000000 0.000000 0.000000 0.000000 0.000000 0.000000 
1005 0.000000 0.000000 0.000000 0.000000 0.000000 0.000000 
1006 0.000000 0.000000 0.000000 0.000000 0.000000 0.000000 
1007 0.000000 0.000000 0.000000 0.000000 0.000000 0.000000 
1008 0.000000 0.000000 0.000000 0.000000 0.000000 0.000000 
1009 0.000000 0.000000 0.000000 0.000000 0.000000 0.000000 
1010 0.000000 0.000000 0.000000 0.000000 0.000000 0.000000 
1011 0.000000 0.000000 0.000000 0.000000 0.000000 0.000000 
1012 0.000000 0.000000 0.000000 0.000000 0.000000 0.000000 
1013 0.000000 0.000000 0.000000 0.000000 0.000000 0.000000 
1014 0.000000 0.000000 0.000000 0.000000 0.000000 0.000000 
1015 0.000000 0.000000 0.000000 0.000000 0.000000 0.000000 
1016 0.000000 0.000000 0.000000 0.000000 0.000000 0.000000 
1017 0.000000 0.000000 0.000000 0.000000 0.000000 0.000000 
1018 0.000000 0.000000 0.000000 0.000000 0.000000 0.000000 
1019 0.000000 0.000000 0.000000 0.000000 0.000000 0.000000 
1020 0.000000 0.000000 0.000000 0.000000 0.000000 0.000000 
1021 0.000000 0.000000 0.000000 0.000000 0.000000 0.000000 
1022 0.000000 0.000000 0.000000 0.000000 0.000000 0.000000 
1023 0.000000 0.000000 0.000000 0.000000 0.000000 0.000000 
1024 0.000000 0.000000 0.000000 0.000000 0.000000 0.000000 
1025 0.000000 0.000000 0.000000 0.000000 0.000000 0.000000 
1026 0.000000 0.000000 0.000000 0.000000 0.000000 0.000000 
1027 0.000000 0.000000 0.000000 0.000000 0.000000 0.000000 
1028 0.000000 0.000000 0.000000 0.000000 0.000000 0.000000 
1029 0.000000 0.000000 0.000000 0.000000 0.000000 0.000000 
1030 0.000000 0.000000 0.000000 0.000000 0.000000 0.000000 
1031 0.000000 0.000000 0.000000 0.000000 0.000000 0.000000 
1032 0.000000 0.000000 0.000000 0.000000 0.000000 0.000000 
1033 0.000000 0.000000 0.000000 0.000000 0.000000 0.000000 
1034 0.000000 0.000000 0.000000 0.000000 0.000000 0.000000 
1035 0.000000 0.000000 0.000000 0.000000 0.000000 0.000000 
1036 0.000000 0.000000 0.000000 0.000000 0.000000 0.000000 
1037 0.000000 0.000000 0.000000 0.000000 0.000000 0.000000 
1038 0.000000 0.000000 0.000000 0.000000 0.000000 0.000000 
1039 0.000000 0.000000 0.000000 0.000000 0.000000 0.000000 
1040 0.000000 0.000000 0.000000 0.000000 0.000000 0.000000 
1041 0.000000 0.000000 0.000000 0.000000 0.000000 0.000000 
1042 0.000000 0.000000 0.000000 0.000000 0.000000 0.000000 
1043 0.000000 0.000000 0.000000 0.000000 0.000000 0.000000 
1044 0.000000 0.000000 0.000000 0.000000 0.000000 0.000000 
1045 0.000000 0.000000 0.000000 0.000000 0.000000 0.000000 
1046 0.000000 0.000000 0.000000 0.000000 0.000000 0.000000 
1047 0.000000 0.000000 0.000000 0.000000 0.000000 0.000000 
1048 0.000000 0.000000 0.000000 0.000000 0.000000 0.000000 
1049 0.000000 0.000000 0.000000 0.000000 0.000000 0.000000 
1050 0.000000 0.000000 0.000000 0.000000 0.000000 0.000000 
1051 0.000000 0.000000 0.000000 0.000000 0.000000 0.000000 
1052 0.000000 0.000000 0.000000 0.000000 0.000000 0.000000 
1053 0.000000 0.000000 0.000000 0.000000 0.000000 0.000000 
1054 0.000000 0.000000 0.000000 0.000000 0.000000 0.000000 
1055 0.000000 0.000000 0.000000 0.000000 0.000000 0.000000 
1056 0.000000 0.000000 0.000000 0.000000 0.000000 0.000000 
1057 0.000000 0.000000 0.000000 0.000000 0.000000 0.000000 
1058 0.000000 0.000000 0.000000 0.000000 0.000000 0.000000 
1059 0.000000 0.000000 0.000000 0.000000 0.000000 0.000000 
1060 0.000000 0.000000 0.000000 0.000000 0.000000 0.000000 
1061 0.000000 0.000000 0.000000 0.000000 0.000000 0.000000 
1062 0.000000 0.000000 0.000000 0.000000 0.000000 0.000000 
1063 0.000000 0.000000 0.000000 0.000000 0.000000 0.000000 
1064 0.000000 0.000000 0.000000 0.000000 0.000000 0.000000 
1065 0.000000 0.000000 0.000000 0.000000 0.000000 0.000000 
1066 0.000000 0.000000 0.000000 0.000000 0.000000 0.000000 
1067 0.000000 0.000000 0.000000 0.000000 0.000000 0.000000 
1068 0.000000 0.000000 0.000000 0.000000 0.000000 0.000000 
1069 0.000000 0.000000 0.000000 0.000000 0.000000 0.000000 
1070 0.000000 0.000000 0.000000 0.000000 0.000000 0.000000 
1071 0.000000 0.000000 0.000000 0.000000 0.000000 0.000000 
1072 0.000000 0.000000 0.000000 0.000000 0.000000 0.000000 
1073 0.000000 0.000000 0.000000 0.000000 0.000000 0.000000 
1074 0.000000 0.000000 0.000000 0.000000 0.000000 0.000000 
1075 0.000000 0.000000 0.000000 0.000000 0.000000 0.000000 
1076 0.000000 0.000000 0.000000 0.000000 0.000000 0.000000 
1077 0.000000 0.000000 0.000000 0.000000 0.000000 0.000000 
1078 0.000000 0.000000 0.000000 0.000000 0.000000 0.000000 
1079 0.000000 0.000000 0.000000 0.000000 0.000000 0.000000 
1080 0.000000 0.000000 0.000000 0.000000 0.000000 0.000000 
1081 0.000000 0.000000 0.000000 0.000000 0.000000 0.000000 
1082 0.000000 0.000000 0.000000 0.000000 0.000000 0.000000 
1083 0.000000 0.000000 0.000000 0.000000 0.000000 0.000000 
1084 0.000000 0.000000 0.000000 0.000000 0.000000 0.000000 
1085 0.000000 0.000000 0.000000 0.000000 0.000000 0.000000 
1086 0.000000 0.000000 0.000000 0.000000 0.000000 0.000000 
1059 -0.000289 -0.000155 -0.000130 0.000035 0.000006 -0.012107 
1060 0.000077 0.000083 -0.000125 0.000176 0.000001 -0.048485 
1061 0.000763 0.003586 -0.007610 0.000224 0.000112 -0.109284 
1062 0.002004 0.003581 -0.008355 0.000187 0.000342 -0.194373 
1063 0.000331 0.005315 -0.000597 0.000433 0.000469 -0.303490 
1064 -0.001721 0.011274 0.000718 0.001230 0.000495 -0.436818 
1065 -0.000380 0.013358 0.000745 0.002817 0.000503 -0.594543 
1066 -0.000732 0.014602 0.000176 0.005411 0.000521 -0.776610 
1067 0.000174 0.026146 0.000228 0.009448 0.000506 -0.982973 
1068 0.000774 0.050816 -0.002264 0.015872 0.000411 -1.213546 
1069 0.002194 0.062768 -0.003188 0.026070 0.000213 -1.468316 
1070 0.007181 0.088398 -0.005531 0.042102 -0.000295 -1.746773 
1071 0.006275 0.115258 -0.015589 0.065939 -0.001023 -2.048233 
1072 0.012345 0.117237 -0.021380 0.100552 -0.002399 -2.371219 
1073 0.012397 0.103282 -0.018440 0.149324 -0.004397 -2.714127 
1074 0.003174 0.082495 -0.012896 0.213780 -0.006425 -3.075968 
1075 -0.005222 0.087376 -0.004684 0.295525 -0.008587 -3.455172 
1076 -0.006524 0.052264 -0.005357 0.395671 -0.010667 -3.850078 
1077 -0.007643 0.061767 -0.007070 0.514905 -0.012155 -4.259778 
1078 -0.007125 0.090573 0.007077 0.654520 -0.013023 -4.683366 
1079 -0.003264 0.089145 0.006392 0.815553 -0.013723 -5.118666 
1080 -0.014233 0.076119 0.008642 0.998426 -0.014474 -5.564618 
1081 -0.001532 0.122846 0.002426 1.204183 -0.015305 -6.018892 
1082 -0.004896 0.113327 0.003015 1.434187 -0.016046 -6.477914 
1083 0.002925 0.107742 0.002603 1.688800 -0.016696 -6.939302 
1084 -0.001115 0.091541 0.001277 1.968102 -0.017194 -7.400434 
1085 -0.001545 0.072343 0.004107 2.271765 -0.017398 -7.859387 
1086 0.000590 0.039490 0.002606 2.599399 -0.017509 -8.314718 
1088 0.000000 0.000000 0.000000 0.000000 0.000000 0.000000 
1089 0.000000 0.000000 0.000000 0.000000 0.000000 0.000000 
1090 0.000000 0.000000 0.000000 0.000000 0.000000 0.000000 
1091 0.000000 0.000000 0.000000 0.000000 0.000000 0.000000 
1092 0.000000 0.000000 0.000000 0.000000 0.000000 0.000000 
1093 0.000000 0.000000 0.000000 0.000000 0.000000 0.000000 
1094 0.000000 0.000000 0.000000 0.000000 0.000000 0.000000 
1095 0.000000 0.000000 0.000000 0.000000 0.000000 0.000000 
1096 0.000000 0.000000 0.000000 0.000000 0.000000 0.000000 
1097 0.000000 0.000000 0.000000 0.000000 0.000000 0.000000 
1098 0.000000 0.000000 0.000000 0.000000 0.000000 0.000000 
1099 0.000000 0.000000 0.000000 0.000000 0.000000 0.000000 
1100 0.000000 0.000000 0.000000 0.000000 0.000000 0.000000 
1101 0.000000 0.000000 0.000000 0.000000 0.000000 0.000000 
1102 0.000000 0.000000 0.000000 0.000000 0.000000 0.000000 
1103 0.000000 0.000000 0.000000 0.000000 0.000000 0.000000 
1104 0.000000 0.000000 0.000000 0.000000 0.000000 0.000000 
1105 0.000000 0.000000 0.000000 0.000000 0.000000 0.000000 
1106 0.000000 0.000000 0.000000 0.000000 0.000000 0.000000 
1107 0.000000 0.000000 0.000000 0.000000 0.000000 0.000000 
1108 0.000000 0.000000 0.000000 0.000000 0.000000 0.000000 
1109 0.000000 0.000000 0.000000 0.000000 0.000000 0.000000 
1110 0.000000 0.000000 0.000000 0.000000 0.000000 0.000000 
1111 0.000000 0.000000 0.000000 0.000000 0.000000 0.000000 
1112 0.000000 0.000000 0.000000 0.000000 0.000000 0.000000 
1113 0.000000 0.000000 0.000000 0.000000 0.000000 0.000000 
1114 0.000000 0.000000 0.000000 0.000000 0.000000 0.000000 
1115 0.000000 0.000000 0.000000 0.000000 0.000000 0.000000 
1116 0.000000 0.000000 0.000000 0.000000 0.000000 0.000000 
1117 0.000000 0.000000 0.000000 0.000000 0.000000 0.000000 
1118 0.000000 0.000000 0.000000 0.000000 0.000000 0.000000 
1119 0.000000 0.000000 0.000000 0.000000 0.000000 0.000000 
1120 0.000000 0.000000 0.000000 0.000000 0.000000 0.000000 
1121 0.000000 0.000000 0.000000 0.000000 0.000000 0.000000 
1122 0.000000 0.000000 0.000000 0.000000 0.000000 0.000000 
1123 0.000000 0.000000 0.000000 0.000000 0.000000 0.000000 
1124 0.000000 0.000000 0.000000 0.000000 0.000000 0.000000 
1125 0.000000 0.000000 0.000000 0.000000 0.000000 0.000000 
1126 0.000000 0.000000 0.000000 0.000000 0.000000 0.000000 
1127 0.000000 0.000000 0.000000 0.000000 0.000000 0.000000 
1128 0.000000 0.000000 0.000000 0.000000 0.000000 0.000000 
1129 0.000000 0.000000 0.000000 0.000000 0.000000 0.000000 
1130 0.000000 0.000000 0.000000 0.000000 0.000000 0.000000 
1131 0.000000 0.000000 0.000000 0.000000 0.000000 0.000000 
1132 0.000000 0.000000 0.000000 0.000000 0.000000 0.000000 
1133 0.000000 0.000000 0.000000 0.000000 0.000000 0.000000 
1134 0.000000 0.000000 0.000000 0.000000 0.000000 0.000000 
1135 0.000000 0.000000 0.000000 0.000000 0.000000 0.000000 
1136 0.000000 0.000000 0.000000 0.000000 0.000000 0.000000 
1137 0.000000 0.000000 0.000000 0.000000 0.000000 0.000000 
1138 0.000000 0.000000 0.000000 0.000000 0.000000 0.000000 
1139 0.000000 0.000000 0.000000 0.000000 0.000000 0.000000 
1140 0.000000 0.000000 0.000000 0.000000 0.000000 0.000000 
1141 0.000000 0.000000 0.000000 0.000000 0.000000 0.000000 
1142 0.000000 0.000000 0.000000 0.000000 0.000000 0.000000 
1143 0.000000 0.000000 0.000000 0.000000 0.000000 0.000000 
1144 0.000000 0.000000 0.000000 0.000000 0.000000 0.000000 
1145 0.000000 0.000000 0.000000 0.000000 0.000000 0.000000 
1146 0.000000 0.000000 0.000000 0.000000 0.000000 0.000000 
1147 0.000000 0.000000 0.000000 0.000000 0.000000 0.000000 
1148 0.000000 0.000000 0.000000 0.000000 0.000000 0.000000 
1149 0.000000 0.000000 0.000000 0.000000 0.000000 0.000000 
1150 0.000000 0.000000 0.000000 0.000000 0.000000 0.000000 
1151 0.000000 0.000000 0.000000 0.000000 0.000000 0.000000 
1152 0.000000 0.000000 0.000000 0.000000 0.000000 0.000000 
1153 0.000000 0.000000 0.000000 0.000000 0.000000 0.000000 
1154 0.000000 0.000000 0.000000 0.000000 0.000000 0.000000 
1155 0.000000 0.000000 0.000000 0.000000 0.000000 0.000000 
1156 0.000000 0.000000 0.000000 0.000000 0.000000 0.000000 
1157 0.000000 0.000000 0.000000 0.000000 0.000000 0.000000 
1158 0.000000 0.000000 0.000000 0.000000 0.000000 0.000000 
1159 0.000000 0.000000 0.000000 0.000000 0.000000 0.000000 
1160 0.000000 0.000000 0.000000 0.000000 0.000000 0.000000 
1161 0.000000 0.000000 0.000000 0.000000 0.000000 0.000000 
1162 0.000000 0.000000 0.000000 0.000000 0.000000 0.000000 
1163 0.000000 0.000000 0.000000 0.000000 0.000000 0.000000 
1164 0.000000 0.000000 0.000000 0.000000 0.000000 0.000000 
1165 0.000000 0.000000 0.000000 0.000000 0.000000 0.000000 
1166 0.000000 0.000000 0.000000 0.000000 0.000000 0.000000 
1167 0.000000 0.000000 0.000000 0.000000 0.000000 0.000000 
1168 0.000000 0.000000 0.000000 0.000000 0.000000 0.000000 
1169 0.000000 0.000000 0.000000 0.000000 0.000000 0.000000 
1170 0.000000 0.000000 0.000000 0.000000 0.000000 0.000000 
1171 0.000000 0.000000 0.000000 0.000000 0.000000 0.000000 
1172 0.000000 0.000000 0.000000 0.000000 0.000000 0.000000 
1173 0.000000 0.000000 0.000000 0.000000 0.000000 0.000000 
1174 0.000000 0.000000 0.000000 0.000000 0.000000 0.000000 
1175 0.000000 0.000000 0.000000 0.000000 0.000000 0.000000 
1176 0.000000 0.000000 0.000000 0.000000 0.000000 0.000000 
1177 0.000000 0.000000 0.000000 0.000000 0.000000 0.000000 
1178 0.000000 0.000000 0.000000 0.000000 0.000000 0.000000 
1179 0.000000 0.000000 0.000000 0.000000 0.000000 0.000000 
1180 0.000000 0.000000 0.000000 0.000000 0.000000 0.000000 
1181 0.000000 0.000000 0.000000 0.000000 0.000000 0.000000 
1182 0.000000 0.000000 0.000000 0.000000 0.000000 0.000000 
1183 0.000000 0.000000 0.000000 0.000000 0.000000 0.000000 
1184 0.000000 0.000000 0.000000 0.000000 0.000000 0.000000 
1185 0.000000 0.000000 0.000000 0.000000 0.000000 0.000000 
1186 0.000000 0.000000 0.000000 0.000000 0.000000 0.000000 
1187 0.000000 0.000000 0.000000 0.000000 0.000000 0.000000 
1188 0.000000 0.000000 0.000000 0.000000 0.000000 0.000000 
1189 0.000000 0.000000 0.000000 0.000000 0.000000 0.000000 
1190 0.000000 0.000000 0.000000 0.000000 0.000000 0.000000 
1191 0.000000 0.000000 0.000000 0.000000 0.000000 0.000000 
1192 0.000000 0.000000 0.000000 0.000000 0.000000 0.000000 
1193 0.000000 0.000000 0.000000 0.000000 0.000000 0.000000 
1158 0.000437 0.000209 0.000042 0.012194 -0.000035 0.001377 
1159 0.000552 0.003179 0.000243 0.048823 -0.000151 0.005519 
1160 -0.000043 -0.000218 -0.000254 0.109877 -0.000312 0.012440 
1161 0.000080 0.000437 -0.000305 0.195318 -0.000458 0.022208 
1162 0.000454 -0.002185 -0.000559 0.305182 -0.000648 0.034826 
1163 -0.000651 -0.002541 -0.000279 0.439520 -0.000871 0.050174 
1164 -0.000270 -0.006056 -0.000771 0.598285 -0.001068 0.068217 
1165 -0.002040 -0.011178 -0.000596 0.781441 -0.001288 0.088941 
1166 -0.006906 -0.018744 -0.000923 0.989079 -0.001534 0.112003 
1167 -0.010434 -0.027321 -0.001078 1.221182 -0.001807 0.136498 
1168 -0.009992 -0.030775 -0.001570 1.477774 -0.002048 0.161400 
1169 -0.000703 -0.042228 0.000286 1.758968 -0.002280 0.185879 
1170 -0.000500 -0.048837 -0.000293 2.064574 -0.002503 0.209191 
1171 0.000832 -0.063247 -0.001863 2.394401 -0.002797 0.229926 
1172 0.000127 -0.070336 -0.002683 2.748543 -0.003142 0.245975 
1173 0.000969 -0.069716 -0.000012 3.126563 -0.003434 0.255683 
1174 0.001530 -0.079177 -0.000210 3.527722 -0.003626 0.257824 
1175 -0.000279 -0.093145 0.001620 3.951308 -0.003581 0.250639 
1176 -0.002603 -0.086484 0.001667 4.396679 -0.003567 0.230835 
1177 0.000501 -0.034785 0.000708 4.862898 -0.003642 0.196742 
1178 0.001647 -0.035790 0.001225 5.348977 -0.003645 0.148607 
1179 0.000306 -0.048879 0.001504 5.854432 -0.003589 0.085785 
1180 -0.002150 -0.060953 0.002364 6.378425 -0.003514 0.007051 
1181 -0.000758 -0.059659 0.000475 6.919876 -0.003497 -0.088875 
1182 -0.000927 -0.070371 0.000203 7.477466 -0.003576 -0.202981 
1183 -0.000323 -0.099554 0.003412 8.049573 -0.003682 -0.336599 
1184 -0.002050 -0.116682 0.004520 8.634306 -0.003781 -0.491103 
1185 -0.005708 -0.101026 0.006377 9.228937 -0.004063 -0.667577 
1186 -0.003861 -0.098411 0.005659 9.830308 -0.005379 -0.864216 
1187 -0.004100 -0.115762 0.008161 10.436299 -0.007679 -1.081890 
1188 -0.000830 -0.081882 0.010512 11.045233 -0.009937 -1.323985 
1189 0.000978 -0.044319 0.005888 11.655787 -0.011964 -1.590445 
1190 -0.000753 -0.017844 0.006118 12.267254 -0.013753 -1.881121 
1191 -0.000787 -0.011250 0.004963 12.879019 -0.015094 -2.195971 
1192 0.000008 -0.003974 0.000175 13.491033 -0.016239 -2.534114 
1193 0.009559 0.043791 -0.009173 14.105116 -0.017829 -2.897318 
1195 0.000000 0.000000 0.000000 0.000000 0.000000 0.000000 
1196 0.000000 0.000000 0.000000 0.000000 0.000000 0.000000 
1197 0.000000 0.000000 0.000000 0.000000 0.000000 0.000000 
1198 0.000000 0.000000 0.000000 0.000000 0.000000 0.000000 
1199 0.000000 0.000000 0.000000 0.000000 0.000000 0.000000 
1200 0.000000 0.000000 0.000000 0.000000 0.000000 0.000000 
1201 0.000000 0.000000 0.000000 0.000000 0.000000 0.000000 
1202 0.000000 0.000000 0.000000 0.000000 0.000000 0.000000 
1203 0.000000 0.000000 0.000000 0.000000 0.000000 0.000000 
1204 0.000000 0.000000 0.000000 0.000000 0.000000 0.000000 
1205 0.000000 0.000000 0.000000 0.000000 0.000000 0.000000 
1206 0.000000 0.000000 0.000000 0.000000 0.000000 0.000000 
1207 0.000000 0.000000 0.000000 0.000000 0.000000 0.000000 
1208 0.000000 0.000000 0.000000 0.000000 0.000000 0.000000 
1209 0.000000 0.000000 0.000000 0.000000 0.000000 0.000000 
1210 0.000000 0.000000 0.000000 0.000000 0.000000 0.000000 
1211 0.000000 0.000000 0.000000 0.000000 0.000000 0.000000 
1212 0.000000 0.000000 0.000000 0.000000 0.000000 0.000000 
1213 0.000000 0.000000 0.000000 0.000000 0.000000 0.000000 
1214 0.000000 0.000000 0.000000 0.000000 0.000000 0.000000 
1215 0.000000 0.000000 0.000000 0.000000 0.000000 0.000000 
1216 0.000000 0.000000 0.000000 0.000000 0.000000 0.000000 
1217 0.000000 0.000000 0.000000 0.000000 0.000000 0.000000 
1218 0.000000 0.000000 0.000000 0.000000 0.000000 0.000000 
1219 0.000000 0.000000 0.000000 0.000000 0.000000 0.000000 
1220 0.000000 0.000000 0.000000 0.000000 0.000000 0.000000 
1221 0.000000 0.000000 0.000000 0.000000 0.000000 0.000000 
1222 0.000000 0.000000 0.000000 0.000000 0.000000 0.000000 
1223 0.000000 0.000000 0.000000 0.000000 0.000000 0.000000 
1224 0.000000 0.000000 0.000000 0.000000 0.000000 0.000000 
1225 0.000000 0.000000 0.000000 0.000000 0.000000 0.000000 
1226 0.000000 0.000000 0.000000 0.000000 0.000000 0.000000 
1227 0.000000 0.000000 0.000000 0.000000 0.000000 0.000000 
1228 0.000000 0.000000 0.000000 0.000000 0.000000 0.000000 
1229 0.000000 0.000000 0.000000 0.000000 0.000000 0.000000 
1230 0.000000 0.000000 0.000000 0.000000 0.000000 0.000000 
1231 0.000000 0.000000 0.000000 0.000000 0.000000 0.000000 
1232 0.000000 0.000000 0.000000 0.000000 0.000000 0.000000 
1233 0.000000 0.000000 0.000000 0.000000 0.000000 0.000000 
1234 0.000000 0.000000 0.000000 0.000000 0.000000 0.000000 
1235 0.000000 0.000000 0.000000 0.000000 0.000000 0.000000 
1236 0.000000 0.000000 0.000000 0.000000 0.000000 0.000000 
1237 0.000000 0.000000 0.000000 0.000000 0.000000 0.000000 
1238 0.000000 0.000000 0.000000 0.000000 0.000000 0.000000 
1239 0.000000 0.000000 0.000000 0.000000 0.000000 0.000000 
1240 0.000000 0.000000 0.000000 0.000000 0.000000 0.000000 
1241 0.000000 0.000000 0.000000 0.000000 0.000000 0.000000 
1242 0.000000 0.000000 0.000000 0.000000 0.000000 0.000000 
1243 0.000000 0.000000 0.000000 0.000000 0.000000 0.000000 
1244 0.000000 0.000000 0.000000 0.000000 0.000000 0.000000 
1245 0.000000 0.000000 0.000000 0.000000 0.000000 0.000000 
1246 0.000000 0.000000 0.000000 0.000000 0.000000 0.000000 
1247 0.000000 0.000000 0.000000 0.000000 0.000000 0.000000 
1248 0.000000 0.000000 0.000000 0.000000 0.000000 0.000000 
1249 0.000000 0.000000 0.000000 0.000000 0.000000 0.000000 
